0, 0
0.386, 0
0.721333, 0
0.997333, 0
1.52, 0
5.19, 0
9.54667, 0
19.1133, 0
30.1, 0

2.38442e-007, 0
0.352442, 0.159344
0.711724, 0.117659
0.992307, 0.100178
1.51784, 0.0810165
5.18981, 0.044038
9.54661, 0.0326083
19.1133, 0.0228594
30.1, 0.0181531

9.51932e-007, 1.84535e-008
0.257979, 0.29115
0.683157, 0.232183
0.977278, 0.199346
1.51135, 0.161802
5.18926, 0.0880728
9.54645, 0.0652162
19.1133, 0.0457188
30.1, 0.0363061

2.13524e-006, 7.26376e-008
0.11969, 0.373496
0.636405, 0.340527
0.9524, 0.296505
1.50056, 0.242127
5.18833, 0.132101
9.54617, 0.0978234
19.1132, 0.0685781
30.1, 0.0544592

3.78048e-006, 1.77774e-007
-0.0384374, 0.393933
0.572728, 0.439814
0.917927, 0.390677
1.4855, 0.321763
5.18703, 0.17612
9.54578, 0.130429
19.1131, 0.0914373
30.0999, 0.0726122

5.87796e-006, 3.46581e-007
-0.190365, 0.350839
0.493843, 0.527421
0.874208, 0.480914
1.46621, 0.400482
5.18536, 0.220127
9.54529, 0.163034
19.113, 0.114296
30.0999, 0.0907652

8.41711e-006, 5.89209e-007
-0.312358, 0.25258
0.401866, 0.601046
0.821688, 0.566309
1.44274, 0.47806
5.18332, 0.264118
9.54468, 0.195637
19.1128, 0.137155
30.0998, 0.108918

1.13871e-005, 9.13423e-007
-0.386163, 0.115356
0.299256, 0.658767
0.760901, 0.646005
1.41517, 0.554277
5.18091, 0.30809
9.54397, 0.228237
19.1127, 0.160014
30.0997, 0.127071

1.47774e-005, 1.3249e-006
-0.400981, -0.0394872
0.188748, 0.699097
0.692462, 0.719205
1.38356, 0.628915
5.17813, 0.352039
9.54314, 0.260835
19.1125, 0.182873
30.0996, 0.145224

1.85782e-005, 1.82758e-006
-0.354503, -0.188294
0.0732689, 0.721016
0.617066, 0.785178
1.34802, 0.701762
5.17498, 0.395964
9.5422, 0.29343
19.1122, 0.205731
30.0996, 0.163377

2.27806e-005, 2.42407e-006
-0.253218, -0.307992
-0.0441336, 0.723992
0.535473, 0.843266
1.30863, 0.772609
5.17146, 0.43986
9.54116, 0.326021
19.112, 0.228589
30.0994, 0.18153

2.73767e-005, 3.11613e-006
-0.111986, -0.379107
-0.160379, 0.707996
0.448509, 0.892894
1.26552, 0.841254
5.16756, 0.483725
9.54, 0.358609
19.1117, 0.251446
30.0993, 0.199682

3.23597e-005, 3.90511e-006
0.0473781, -0.388854
-0.27243, 0.673494
0.35705, 0.933571
1.2188, 0.907502
5.1633, 0.527555
9.53873, 0.391193
19.1114, 0.274304
30.0992, 0.217835

3.77238e-005, 4.79253e-006
0.198866, -0.333911
-0.377376, 0.621428
0.262016, 0.964899
1.16861, 0.971163
5.15867, 0.571348
9.53735, 0.423772
19.111, 0.297161
30.0991, 0.235987

4.34633e-005, 5.78033e-006
0.31648, -0.222078
-0.472502, 0.553194
0.16436, 0.986572
1.11508, 1.03206
5.15368, 0.615099
9.53587, 0.456346
19.1106, 0.320017
30.0989, 0.25414

4.95725e-005, 6.87092e-006
0.379326, -0.0718075
-0.555356, 0.470594
0.0650633, 0.998385
1.05838, 1.09001
5.14831, 0.658807
9.53427, 0.488915
19.1102, 0.342873
30.0988, 0.272292

5.60445e-005, 8.06678e-006
0.376234, 0.0909483
-0.623813, 0.375796
-0.0348827, 1.00023
0.998662, 1.14485
5.14257, 0.702468
9.53256, 0.521479
19.1098, 0.365728
30.0986, 0.290445

6.28715e-005, 9.36968e-006
0.308248, 0.238016
-0.67612, 0.271271
-0.13448, 0.992094
0.936095, 1.19642
5.13647, 0.746078
9.53074, 0.554036
19.1094, 0.388583
30.0984, 0.308597

7.00445e-005, 1.07799e-005
0.188063, 0.344772
-0.710941, 0.159731
-0.232736, 0.974074
0.870858, 1.24459
5.13, 0.789635
9.52882, 0.586587
19.1089, 0.411438
30.0982, 0.326749

7.75546e-005, 1.22958e-005
0.0368326, 0.394592
-0.72739, 0.0440639
-0.328674, 0.946357
0.803137, 1.2892
5.12316, 0.833135
9.52678, 0.619132
19.1084, 0.434292
30.098, 0.344901

8.5393e-005, 1.39132e-005
-0.120303, 0.38101
-0.725046, -0.072741
-0.421342, 0.909228
0.733124, 1.33013
5.11596, 0.876576
9.52463, 0.651669
19.1078, 0.457145
30.0978, 0.363052

9.35524e-005, 1.56263e-005
-0.258567, 0.307703
-0.703967, -0.187666
-0.509822, 0.863064
0.66102, 1.36727
5.10839, 0.919954
9.52237, 0.684199
19.1073, 0.479997
30.0976, 0.381204

0.000102028, 1.74273e-005
-0.357004, 0.187021
-0.664688, -0.29774
-0.59324, 0.808333
0.587028, 1.4005
5.10046, 0.963266
9.52001, 0.716721
19.1067, 0.502849
30.0973, 0.399356

0.000110815, 1.93077e-005
-0.400924, 0.0377909
-0.608209, -0.400109
-0.670772, 0.745584
0.511361, 1.42973
5.09216, 1.00651
9.51753, 0.749235
19.1061, 0.5257
30.0971, 0.417507

0.000119915, 2.12582e-005
-0.383483, -0.117219
-0.535971, -0.492113
-0.741654, 0.675445
0.434234, 1.45488
5.0835, 1.04968
9.51494, 0.78174
19.1054, 0.548551
30.0968, 0.435658

0.000129329, 2.32701e-005
-0.306605, -0.254062
-0.449822, -0.571348
-0.805189, 0.598616
0.355867, 1.47587
5.07447, 1.09278
9.51225, 0.814236
19.1048, 0.571401
30.0965, 0.453809

0.000139062, 2.53354e-005
-0.181184, -0.350696
-0.351976, -0.635728
-0.860753, 0.515863
0.276484, 1.49264
5.06508, 1.1358
9.50944, 0.846723
19.1041, 0.594249
30.0963, 0.47196

0.00014912, 2.74476e-005
-0.0263017, -0.390344
-0.244956, -0.683546
-0.9078, 0.428007
0.196311, 1.50514
5.05533, 1.17873
9.50652, 0.879201
19.1033, 0.617097
30.096, 0.490111

0.000159513, 2.96028e-005
0.132997, -0.364821
-0.131535, -0.713514
-0.945869, 0.335919
0.115577, 1.51334
5.04522, 1.22159
9.5035, 0.911668
19.1026, 0.639944
30.0957, 0.508262

0.000170251, 3.17996e-005
0.269603, -0.27697
-0.0146674, -0.724803
-0.974587, 0.240511
0.0345139, 1.51722
5.03475, 1.26435
9.50036, 0.944125
19.1018, 0.662791
30.0953, 0.526412

0.000181342, 3.40398e-005
0.359516, -0.141114
0.10259, -0.717071
-0.993672, 0.142726
-0.0466472, 1.51675
5.02391, 1.30703
9.49711, 0.97657
19.101, 0.685636
30.095, 0.544562

0.000192796, 3.63277e-005
0.386981, 0.0192727
0.217154, -0.690472
-1.00294, 0.0435322
-0.127674, 1.51194
5.01272, 1.34961
9.49376, 1.00901
19.1001, 0.70848
30.0947, 0.562712

0.000204621, 3.86697e-005
0.34785, 0.176347
0.325997, -0.645662
-1.0023, -0.0560915
-0.208334, 1.5028
5.00117, 1.39209
9.49029, 1.04143
19.0993, 0.731323
30.0943, 0.580862

0.00021682, 4.1073e-005
0.250022, 0.303653
0.426227, -0.583784
-0.991747, -0.155161
-0.288397, 1.48935
4.98927, 1.43448
9.48672, 1.07384
19.0984, 0.754165
30.094, 0.599011

0.000229396, 4.35448e-005
0.111093, 0.381004
0.515174, -0.50644
-0.971399, -0.252696
-0.367632, 1.47165
4.977, 1.47676
9.48304, 1.10624
19.0975, 0.777006
30.0936, 0.617161

0.000242353, 4.60921e-005
-0.0455853, 0.397362
0.590454, -0.415655
-0.941449, -0.347734
-0.445814, 1.44972
4.96438, 1.51894
9.47924, 1.13862
19.0965, 0.799846
30.0932, 0.63531

0.000255689, 4.87211e-005
-0.1951, 0.351617
0.650048, -0.31382
-0.902189, -0.439334
-0.522716, 1.42364
4.95141, 1.56101
9.47534, 1.171
19.0955, 0.822685
30.0928, 0.653459

0.000269406, 5.14371e-005
-0.314588, 0.251835
0.692351, -0.203633
-0.854005, -0.526589
-0.598119, 1.39348
4.93808, 1.60296
9.47133, 1.20336
19.0945, 0.845523
30.0924, 0.671607

0.000283503, 5.42452e-005
-0.386024, 0.113627
0.716221, -0.0880213
-0.797369, -0.608634
-0.671806, 1.35933
4.9244, 1.64481
9.46721, 1.2357
19.0935, 0.86836
30.092, 0.689756

0.000297981, 5.71499e-005
-0.398285, -0.0419779
0.721018, 0.0299375
-0.732836, -0.684652
-0.743565, 1.32127
4.91037, 1.68653
9.46298, 1.26804
19.0925, 0.891195
30.0916, 0.707904

0.000312842, 6.01554e-005
-0.348636, -0.191054
0.706612, 0.1471
-0.66104, -0.753888
-0.81319, 1.27943
4.89599, 1.72814
9.45864, 1.30035
19.0914, 0.914029
30.0911, 0.726052

0.000328085, 6.32664e-005
-0.243578, -0.309783
0.673398, 0.260347
-0.582687, -0.815649
-0.88048, 1.23392
4.88126, 1.76962
9.45419, 1.33266
19.0903, 0.936861
30.0907, 0.744199

0.000343712, 6.64879e-005
-0.0987414, -0.377979
0.622274, 0.366669
-0.498551, -0.869317
-0.945241, 1.18486
4.86618, 1.81097
9.44963, 1.36494
19.0891, 0.959693
30.0902, 0.762347

0.000359726, 6.98259e-005
0.0626954, -0.382842
0.554622, 0.463247
-0.40946, -0.914353
-1.00729, 1.1324
4.85075, 1.8522
9.44496, 1.39721
19.088, 0.982523
30.0898, 0.780494

0.000376128, 7.32877e-005
0.213457, -0.322126
0.472263, 0.547535
-0.316296, -0.9503
-1.06644, 1.07669
4.83497, 1.89329
9.44019, 1.42947
19.0868, 1.00535
30.0893, 0.798641

0.000392918, 7.68822e-005
0.32725, -0.205511
0.377406, 0.617324
-0.219981, -0.976794
-1.12253, 1.01789
4.81885, 1.93425
9.4353, 1.46171
19.0855, 1.02818
30.0888, 0.816787

0.000410095, 8.06191e-005
0.384273, -0.0531874
0.272585, 0.670799
-0.121472, -0.993559
-1.17539, 0.956163
4.80239, 1.97507
9.43031, 1.49393
19.0843, 1.051
30.0883, 0.834933

0.000427656, 8.45085e-005
0.375345, 0.108288
0.160589, 0.706589
-0.0217474, -1.00042
-1.22487, 0.891691
4.78558, 2.01575
9.42521, 1.52614
19.083, 1.07383
30.0878, 0.853079

0.000445595, 8.85596e-005
0.30332, 0.251554
0.0443799, 0.723796
0.0781986, -0.9973
-1.27084, 0.824656
4.76843, 2.05628
9.41999, 1.55832
19.0817, 1.09665
30.0873, 0.871225

0.000463903, 9.27803e-005
0.181647, 0.353599
-0.0729813, 0.722015
0.177368, -0.984217
-1.31315, 0.755251
4.75094, 2.09667
9.41467, 1.59049
19.0804, 1.11947
30.0867, 0.88937

0.000482572, 9.71758e-005
0.0310692, 0.399246
-0.18842, 0.701341
0.27477, -0.961293
-1.35168, 0.683675
4.73311, 2.13691
9.40925, 1.62265
19.079, 1.14229
30.0862, 0.907515

0.000501591, 0.000101749
-0.124276, 0.382676
-0.298927, 0.662359
0.369426, -0.928748
-1.38632, 0.610135
4.71495, 2.17699
9.40371, 1.65478
19.0776, 1.16511
30.0856, 0.92566

0.000520952, 0.000106501
-0.260473, 0.307396
-0.401634, 0.606128
0.460388, -0.886899
-1.41698, 0.53484
4.69644, 2.21692
9.39806, 1.68689
19.0762, 1.18793
30.085, 0.943804

0.000540645, 0.00011143
-0.356843, 0.185225
-0.493888, 0.534146
0.546739, -0.836156
-1.44355, 0.458007
4.67761, 2.25669
9.39231, 1.71899
19.0748, 1.21074
30.0845, 0.961948

0.000560665, 0.000116531
-0.398397, 0.0346622
-0.573315, 0.44831
0.627609, -0.77702
-1.46598, 0.379857
4.65843, 2.2963
9.38645, 1.75106
19.0733, 1.23355
30.0839, 0.980091

0.000581004, 0.000121802
-0.377824, -0.12128
-0.637878, 0.350865
0.702182, -0.71008
-1.48419, 0.300616
4.63893, 2.33575
9.38048, 1.78312
19.0718, 1.25636
30.0833, 0.998235

0.000601662, 0.000127235
-0.296958, -0.257879
-0.685924, 0.244346
0.769704, -0.636001
-1.49812, 0.22051
4.61909, 2.37503
9.3744, 1.81515
19.0703, 1.27917
30.0827, 1.01638

0.000622637, 0.000132825
-0.167382, -0.352243
-0.716224, 0.131515
0.829491, -0.555524
-1.50774, 0.13977
4.59893, 2.41414
9.36821, 1.84717
19.0688, 1.30198
30.082, 1.03452

0.000643931, 0.000138568
-0.00956476, -0.387374
-0.728006, 0.0152905
0.880936, -0.469455
-1.51303, 0.058628
4.57844, 2.45307
9.36192, 1.87916
19.0672, 1.32479
30.0814, 1.05266

0.000665548, 0.00014446
0.150005, -0.355982
-0.720964, -0.101326
0.923519, -0.378658
-1.51396, -0.0226818
4.55762, 2.49184
9.35552, 1.91113
19.0656, 1.34759
30.0807, 1.0708

0.000687493, 0.000150499
0.283643, -0.26275
-0.695275, -0.21532
0.956806, -0.284044
-1.51053, -0.103926
4.53647, 2.53042
9.349, 1.94308
19.0639, 1.37039
30.0801, 1.08895

0.00070977, 0.000156688
0.368174, -0.123891
-0.651588, -0.323742
0.980458, -0.186566
-1.50275, -0.18487
4.515, 2.56882
9.34239, 1.97501
19.0623, 1.39319
30.0794, 1.10709

0.000732385, 0.000163028
0.389716, 0.0362326
-0.591015, -0.423779
0.994237, -0.0872063
-1.49065, -0.265282
4.49321, 2.60704
9.33566, 2.00691
19.0606, 1.41599
30.0787, 1.12523

0.000755339, 0.000169523
0.346011, 0.190306
-0.5151, -0.512825
0.998001, 0.0130347
-1.47426, -0.344931
4.4711, 2.64508
9.32883, 2.03879
19.0589, 1.43878
30.078, 1.14337

0.000778636, 0.000176178
0.245922, 0.313327
-0.425788, -0.588548
0.991712, 0.113146
-1.45362, -0.423586
4.44867, 2.68292
9.32189, 2.07065
19.0571, 1.46158
30.0773, 1.16151

0.000802276, 0.000182996
0.106858, 0.386562
-0.325375, -0.64895
0.975436, 0.21212
-1.4288, -0.501023
4.42592, 2.72058
9.31484, 2.10248
19.0554, 1.48437
30.0766, 1.17965

0.000826259, 0.000189981
-0.0486924, 0.399728
-0.216454, -0.692421
0.949337, 0.308957
-1.39987, -0.577018
4.40286, 2.75804
9.30768, 2.13429
19.0536, 1.50716
30.0759, 1.19778

0.000850586, 0.000197135
-0.196654, 0.351666
-0.101853, -0.717784
0.913683, 0.402684
-1.3669, -0.651352
4.37948, 2.7953
9.30042, 2.16608
19.0518, 1.52995
30.0752, 1.21592

0.000875258, 0.000204461
-0.314476, 0.249969
0.0154411, -0.724329
0.868835, 0.492358
-1.33001, -0.723813
4.35579, 2.83237
9.29305, 2.19784
19.0499, 1.55273
30.0744, 1.23406

0.000900276, 0.000211961
-0.383856, 0.109906
0.132352, -0.711836
0.81525, 0.577077
-1.28929, -0.794192
4.33179, 2.86923
9.28557, 2.22958
19.048, 1.57551
30.0737, 1.2522

0.000925643, 0.000219637
-0.393158, -0.0472858
0.245801, -0.680586
0.753473, 0.655993
-1.24485, -0.862286
4.30748, 2.90588
9.27798, 2.26129
19.0461, 1.59829
30.0729, 1.27034

0.000951362, 0.000227492
-0.339447, -0.196881
0.352785, -0.63136
0.684129, 0.728315
-1.19684, -0.927902
4.28287, 2.94233
9.27029, 2.29297
19.0442, 1.62107
30.0721, 1.28847

0.000977438, 0.000235529
-0.229804, -0.314089
0.450458, -0.565419
0.607921, 0.793323
-1.14539, -0.990849
4.25795, 2.97857
9.26249, 2.32463
19.0422, 1.64385
30.0713, 1.30661

0.00100387, 0.000243755
-0.08124, -0.378287
0.536213, -0.48448
0.52562, 0.850368
-1.09064, -1.05095
4.23272, 3.0146
9.25459, 2.35626
19.0402, 1.66662
30.0705, 1.32474

0.00103068, 0.000252175
0.0814739, -0.37736
0.607754, -0.390667
0.438058, 0.898886
-1.03275, -1.10803
4.2072, 3.05042
9.24658, 2.38786
19.0382, 1.68939
30.0697, 1.34288

0.00105785, 0.000260801
0.23021, -0.310818
0.663157, -0.286455
0.346116, 0.938398
-0.971892, -1.16192
4.18137, 3.08601
9.23846, 2.41944
19.0362, 1.71216
30.0689, 1.36101

0.00108541, 0.000269644
0.339217, -0.190342
0.700934, -0.17461
0.250719, 0.968517
-0.908241, -1.21248
4.15525, 3.12139
9.23023, 2.45099
19.0341, 1.73493
30.0681, 1.37915

0.00111333, 0.000278718
0.390407, -0.0372727
0.720067, -0.0581064
0.152826, 0.988951
-0.841979, -1.25956
4.12883, 3.15654
9.2219, 2.48251
19.032, 1.75769
30.0672, 1.39728

0.00114164, 0.000288039
0.376522, 0.122074
0.720044, 0.0599536
0.0534176, 0.999506
-0.773297, -1.30301
4.10211, 3.19147
9.21347, 2.514
19.0299, 1.78045
30.0664, 1.41541

0.00117031, 0.000297621
0.301563, 0.261607
0.70087, 0.176425
-0.0465124, 1.00009
-0.702391, -1.34273
4.07511, 3.22617
9.20492, 2.54547
19.0277, 1.80321
30.0655, 1.43355

0.00119934, 0.000307478
0.179008, 0.359736
0.663069, 0.288207
-0.145966, 0.990697
-0.629467, -1.3786
4.04781, 3.26064
9.19627, 2.5769
19.0256, 1.82597
30.0646, 1.45168

0.00122872, 0.000317621
0.0288797, 0.402126
0.607667, 0.392333
-0.243954, 0.971441
-0.554734, -1.41051
4.02023, 3.29487
9.18752, 2.60831
19.0234, 1.84872
30.0637, 1.46981

0.00125844, 0.00032806
-0.125481, 0.383015
0.536159, 0.486048
-0.339501, 0.94252
-0.478406, -1.43837
3.99236, 3.32888
9.17866, 2.63968
19.0211, 1.87147
30.0628, 1.48794

0.00128848, 0.000338802
-0.260495, 0.30549
0.45047, 0.566887
-0.43166, 0.904232
-0.400702, -1.46211
3.9642, 3.36264
9.16969, 2.67103
19.0189, 1.89422
30.0619, 1.50607

0.00131883, 0.000349852
-0.355229, 0.181013
0.352897, 0.632735
-0.519517, 0.856965
-0.321846, -1.48165
3.93577, 3.39617
9.16062, 2.70234
19.0166, 1.91697
30.061, 1.5242

0.00134948, 0.000361211
-0.39413, 0.0282454
0.246042, 0.681889
-0.602205, 0.801197
-0.242065, -1.49695
3.90705, 3.42946
9.15144, 2.73362
19.0143, 1.93971
30.06, 1.54233

0.00138041, 0.000372879
-0.369568, -0.128996
0.132744, 0.713094
-0.678908, 0.737488
-0.161585, -1.50796
3.87805, 3.4625
9.14215, 2.76487
19.0119, 1.96245
30.0591, 1.56046

0.00141162, 0.000384854
-0.283826, -0.264902
0.0159943, 0.725575
-0.748869, 0.666475
-0.0806388, -1.51465
3.84878, 3.49529
9.13277, 2.79609
19.0095, 1.98519
30.0581, 1.57859

0.00144309, 0.000397134
-0.149826, -0.355924
-0.101137, 0.719053
-0.811401, 0.588866
0.000542652, -1.517
3.81924, 3.52784
9.12327, 2.82728
19.0072, 2.00792
30.0572, 1.59672

0.00147481, 0.000409714
0.0102518, -0.385518
-0.215586, 0.693746
-0.865889, 0.505435
0.0817268, -1.51501
3.78942, 3.56013
9.11367, 2.85844
19.0047, 2.03065
30.0562, 1.61484

0.00150678, 0.000422592
0.168804, -0.348023
-0.324375, 0.65036
-0.911798, 0.417008
0.162681, -1.50868
3.75933, 3.59217
9.10397, 2.88956
19.0023, 2.05338
30.0552, 1.63297

0.001539, 0.000435766
0.298387, -0.250189
-0.424684, 0.590062
-0.948678, 0.324464
0.243175, -1.49804
3.72898, 3.62395
9.09416, 2.92065
18.9998, 2.07611
30.0542, 1.6511

0.00157146, 0.000449235
0.377345, -0.109613
-0.513926, 0.514454
-0.976167, 0.228717
0.322978, -1.48311
3.69836, 3.65548
9.08425, 2.95171
18.9973, 2.09883
30.0532, 1.66922

0.00160415, 0.000462996
0.393709, 0.0492975
-0.589805, 0.425523
-0.993995, 0.130716
0.401862, -1.46393
3.66748, 3.68675
9.07423, 2.98273
18.9948, 2.12155
30.0522, 1.68735

0.00163706, 0.000477049
0.346517, 0.200292
-0.650375, 0.325589
-1.00199, 0.0314279
0.479603, -1.44058
3.63633, 3.71775
9.0641, 3.01372
18.9922, 2.14427
30.0511, 1.70547

0.00167019, 0.000491389
0.24486, 0.319732
-0.694086, 0.217249
-1.00007, -0.0681657
0.555978, -1.4131
3.60493, 3.74849
9.05388, 3.04467
18.9896, 2.16698
30.0501, 1.72359

0.00170353, 0.000506012
0.105577, 0.38978
-0.719818, 0.103307
-0.98825, -0.167081
0.630769, -1.38159
3.57327, 3.77896
9.04355, 3.07559
18.987, 2.18969
30.049, 1.74172

0.00173707, 0.000520912
-0.0495876, 0.400305
-0.726912, -0.0132892
-0.966652, -0.26434
0.703764, -1.34613
3.54136, 3.80917
9.03311, 3.10647
18.9843, 2.2124
30.048, 1.75984

0.0017708, 0.00053608
-0.196914, 0.349779
-0.715182, -0.129529
-0.935484, -0.358981
0.774755, -1.30682
3.5092, 3.8391
9.02257, 3.13732
18.9817, 2.23511
30.0469, 1.77796

0.00180473, 0.000551509
-0.313613, 0.245416
-0.684919, -0.242407
-0.89505, -0.450068
0.84354, -1.26378
3.47679, 3.86876
9.01193, 3.16813
18.979, 2.25781
30.0458, 1.79608

0.00183885, 0.000567187
-0.38077, 0.102594
-0.636889, -0.348999
-0.845746, -0.536698
0.909922, -1.21713
3.44413, 3.89815
9.00118, 3.19891
18.9763, 2.2805
30.0447, 1.8142

0.00187315, 0.000583103
-0.386305, -0.0566605
-0.572313, -0.446536
-0.788055, -0.618011
0.973714, -1.16701
3.41122, 3.92725
8.99033, 3.22965
18.9735, 2.3032
30.0436, 1.83232

0.00190765, 0.000599247
-0.327582, -0.206439
-0.49284, -0.532472
-0.722542, -0.693199
1.03473, -1.11356
3.37807, 3.95608
8.97938, 3.26035
18.9707, 2.32589
30.0425, 1.85044

0.00194235, 0.000615609
-0.212944, -0.321083
-0.400506, -0.60455
-0.649851, -0.761512
1.09281, -1.05693
3.34469, 3.98463
8.96832, 3.29101
18.9679, 2.34858
30.0413, 1.86856

0.00197726, 0.000632181
-0.0611928, -0.380166
-0.297688, -0.660864
-0.570696, -0.822269
1.14777, -0.997285
3.31106, 4.01289
8.95716, 3.32164
18.9651, 2.37126
30.0402, 1.88667

0.00201238, 0.000648957
0.101542, -0.373039
-0.187045, -0.699906
-0.485858, -0.874858
1.19947, -0.934794
3.2772, 4.04087
8.9459, 3.35223
18.9622, 2.39394
30.039, 1.90479

0.00204774, 0.000665935
0.247067, -0.301296
-0.0714542, -0.72061
-0.396174, -0.918752
1.24776, -0.869637
3.24311, 4.06856
8.93453, 3.38278
18.9593, 2.41662
30.0379, 1.92291

0.00208333, 0.000683117
0.350924, -0.178202
0.0460655, -0.722389
-0.30253, -0.953504
1.29249, -0.802
3.20879, 4.09597
8.92306, 3.41329
18.9564, 2.4393
30.0367, 1.94102

0.00211918, 0.000700508
0.396883, -0.025417
0.162428, -0.705146
-0.205855, -0.978761
1.33355, -0.732075
3.17424, 4.12308
8.91149, 3.44376
18.9535, 2.46197
30.0355, 1.95914

0.0021553, 0.000718113
0.379093, 0.131586
0.274564, -0.66929
-0.107109, -0.994262
1.37082, -0.660062
3.13946, 4.1499
8.89981, 3.4742
18.9505, 2.48464
30.0343, 1.97725

0.00219168, 0.000735941
0.301966, 0.267988
0.3795, -0.615725
-0.00727189, -0.99984
1.40419, -0.586166
3.10446, 4.17642
8.88804, 3.50459
18.9475, 2.5073
30.0331, 1.99537

0.00222833, 0.000754
0.178561, 0.363132
0.474442, -0.545833
0.0926594, -0.995432
1.43356, -0.510599
3.06924, 4.20265
8.87616, 3.53494
18.9445, 2.52996
30.0319, 2.01348

0.00226526, 0.000772298
0.0282144, 0.40291
0.556855, -0.461437
0.191687, -0.981069
1.45886, -0.433575
3.03381, 4.22857
8.86418, 3.56525
18.9414, 2.55262
30.0306, 2.03159

0.00230248, 0.000790845
-0.126097, 0.381236
0.624529, -0.364757
0.288821, -0.956886
1.48001, -0.355313
2.99815, 4.2542
8.85209, 3.59553
18.9384, 2.57527
30.0294, 2.0497

0.00233997, 0.000809649
-0.260574, 0.300794
0.675648, -0.258351
0.383086, -0.923116
1.49695, -0.276038
2.96229, 4.27953
8.83991, 3.62576
18.9353, 2.59792
30.0281, 2.06781

0.00237774, 0.000828718
-0.353627, 0.173087
0.708837, -0.145043
0.473537, -0.880086
1.50964, -0.195973
2.92621, 4.30455
8.82762, 3.65595
18.9321, 2.62056
30.0269, 2.08592

0.0024158, 0.000848059
-0.389129, 0.0175343
0.723206, -0.0278488
0.559261, -0.82822
1.51804, -0.115348
2.88993, 4.32927
8.81523, 3.68609
18.929, 2.64321
30.0256, 2.10403

0.00245413, 0.000867678
-0.359579, -0.140791
0.718373, 0.0901104
0.639396, -0.768031
1.52212, -0.0343913
2.85345, 4.35368
8.80274, 3.7162
18.9258, 2.66584
30.0243, 2.12214

0.00249275, 0.000887584
-0.268412, -0.275006
0.694475, 0.205693
0.713132, -0.700118
1.52187, 0.046666
2.81676, 4.37778
8.79015, 3.74626
18.9226, 2.68848
30.023, 2.14024

0.00253165, 0.000907782
-0.130383, -0.361495
0.652166, 0.315827
0.779723, -0.625155
1.5173, 0.127593
2.77987, 4.40157
8.77746, 3.77628
18.9193, 2.71111
30.0217, 2.15835

0.00257083, 0.000928282
0.0307562, -0.384975
0.592592, 0.417592
0.838495, -0.543894
1.50842, 0.208161
2.74278, 4.42505
8.76467, 3.80625
18.916, 2.73374
30.0204, 2.17646

0.00261029, 0.000949094
0.18703, -0.341838
0.517361, 0.508301
0.888853, -0.457148
1.49524, 0.288138
2.7055, 4.44821
8.75177, 3.83619
18.9128, 2.75636
30.019, 2.19456

0.00265003, 0.000970229
0.312034, -0.240578
0.428497, 0.585572
0.930285, -0.365789
1.47782, 0.367299
2.66803, 4.47106
8.73878, 3.86607
18.9094, 2.77898
30.0177, 2.21267

0.00269004, 0.0009917
0.385876, -0.0993743
0.328378, 0.647392
0.962371, -0.270733
1.4562, 0.445416
2.63037, 4.49359
8.72569, 3.89592
18.9061, 2.80159
30.0164, 2.23077

0.00273033, 0.00101352
0.398066, 0.0579786
0.21967, 0.692167
0.984786, -0.172939
1.43044, 0.522269
2.59252, 4.5158
8.71249, 3.92572
18.9027, 2.8242
30.015, 2.24887

0.00277088, 0.0010357
0.348215, 0.206392
0.105256, 0.71876
0.997301, -0.0733909
1.40061, 0.597637
2.55449, 4.53769
8.6992, 3.95547
18.8993, 2.84681
30.0136, 2.26697

0.00281167, 0.00105825
0.245139, 0.323166
-0.0118473, 0.726519
0.999791, 0.0269079
1.3668, 0.671307
2.51628, 4.55926
8.6858, 3.98518
18.8959, 2.86941
30.0122, 2.28507

0.00285271, 0.00108117
0.105063, 0.390757
-0.128567, 0.71529
0.99223, 0.126947
1.32911, 0.743067
2.47789, 4.58051
8.67231, 4.01484
18.8924, 2.89201
30.0108, 2.30317

0.00289396, 0.00110448
-0.0506461, 0.398748
-0.241854, 0.685412
0.974697, 0.225717
1.28763, 0.812714
2.43932, 4.60143
8.65871, 4.04446
18.8889, 2.9146
30.0094, 2.32127

0.00293543, 0.00112818
-0.198066, 0.345179
-0.348765, 0.637707
0.94737, 0.322224
1.2425, 0.880049
2.40058, 4.62203
8.64502, 4.07403
18.8854, 2.9372
30.008, 2.33937

0.00297709, 0.00115226
-0.313715, 0.237227
-0.446533, 0.573454
0.910529, 0.415497
1.19383, 0.94488
2.36167, 4.6423
8.63122, 4.10355
18.8819, 2.95978
30.0066, 2.35747

0.00301893, 0.00117672
-0.377977, 0.0909711
-0.532638, 0.494352
0.864548, 0.504598
1.14177, 1.00702
2.3226, 4.66224
8.61733, 4.13303
18.8783, 2.98236
30.0051, 2.37557

0.00306093, 0.00120156
-0.378715, -0.0702564
-0.604865, 0.402474
0.809896, 0.588632
1.08646, 1.06629
2.28336, 4.68185
8.60334, 4.16246
18.8747, 3.00494
30.0037, 2.39366

0.0031031, 0.00122678
-0.314297, -0.219288
-0.661363, 0.300214
0.747128, 0.666757
1.02806, 1.12253
2.24396, 4.70112
8.58925, 4.19184
18.8711, 3.02751
30.0022, 2.41176

0.00314543, 0.00125236
-0.194897, -0.330121
-0.700683, 0.190225
0.676881, 0.738193
0.966742, 1.17557
2.2044, 4.72007
8.57506, 4.22118
18.8674, 3.05008
30.0007, 2.42985

0.0031879, 0.0012783
-0.0410745, -0.383355
-0.721818, 0.0753536
0.599866, 0.802226
0.902672, 1.22526
2.16468, 4.73868
8.56077, 4.25046
18.8638, 3.07265
29.9992, 2.44794

0.00323052, 0.00130459
0.120375, -0.370317
-0.724223, -0.0414312
0.516863, 0.858221
0.836037, 1.27146
2.12482, 4.75696
8.54639, 4.2797
18.8601, 3.09521
29.9977, 2.46604

0.00327328, 0.00133123
0.262023, -0.294459
-0.707827, -0.157111
0.428709, 0.905623
0.767024, 1.31403
2.0848, 4.77489
8.5319, 4.30889
18.8563, 3.11776
29.9962, 2.48413

0.00331619, 0.00135822
0.361039, -0.169868
-0.673042, -0.268694
0.336292, 0.943965
0.695831, 1.35286
2.04463, 4.79249
8.51732, 4.33803
18.8526, 3.14031
29.9947, 2.50222

0.00335925, 0.00138555
0.402708, -0.0178261
-0.620746, -0.373284
0.240544, 0.972873
0.622661, 1.38782
2.00432, 4.80976
8.50264, 4.36712
18.8488, 3.16286
29.9932, 2.52031

0.00340245, 0.00141323
0.38189, 0.137222
-0.552271, -0.468161
0.142423, 0.992067
0.547722, 1.41883
1.96387, 4.82668
8.48786, 4.39615
18.845, 3.1854
29.9916, 2.53839

0.00344579, 0.00144126
0.302862, 0.271384
-0.469364, -0.550843
0.0429147, 1.00137
0.471229, 1.44579
1.92328, 4.84326
8.47299, 4.42514
18.8411, 3.20794
29.9901, 2.55648

0.00348927, 0.00146963
0.178134, 0.364344
-0.374153, -0.619152
-0.0569876, 1.00069
0.393399, 1.46862
1.88255, 4.85949
8.45802, 4.45408
18.8373, 3.23047
29.9885, 2.57457

0.00353288, 0.00149834
0.0266652, 0.401745
-0.269092, -0.671275
-0.156287, 0.990049
0.314455, 1.48726
1.84169, 4.87539
8.44295, 4.48297
18.8334, 3.253
29.987, 2.59265

0.00357663, 0.00152739
-0.128393, 0.377034
-0.156905, -0.70581
-0.253994, 0.969565
0.234622, 1.50165
1.8007, 4.89093
8.42778, 4.5118
18.8295, 3.27553
29.9854, 2.61074

0.0036205, 0.00155679
-0.262521, 0.292772
-0.0405118, -0.721807
-0.349139, 0.939452
0.154129, 1.51176
1.75959, 4.90614
8.41252, 4.54059
18.8255, 3.29805
29.9838, 2.62882

0.0036645, 0.00158652
-0.353304, 0.161081
0.077041, -0.718799
-0.440777, 0.900017
0.0732054, 1.51754
1.71835, 4.92099
8.39716, 4.56932
18.8215, 3.32056
29.9822, 2.64691

0.00370863, 0.00161658
-0.38436, 0.00270408
0.192661, -0.696818
-0.528002, 0.851662
-0.00791683, 1.51899
1.67698, 4.9355
8.3817, 4.598
18.8175, 3.34307
29.9805, 2.66499

0.00375289, 0.00164698
-0.349015, -0.155858
0.303293, -0.656397
-0.609951, 0.794873
-0.0890055, 1.51609
1.6355, 4.94966
8.36615, 4.62662
18.8135, 3.36557
29.9789, 2.68307

0.00379727, 0.0016777
-0.25249, -0.287105
0.406, -0.598565
-0.685816, 0.730222
-0.169828, 1.50886
1.59391, 4.96347
8.3505, 4.6552
18.8095, 3.38807
29.9773, 2.70115

0.00384179, 0.00170874
-0.11144, -0.36818
0.498044, -0.52482
-0.754851, 0.658354
-0.250154, 1.49731
1.5522, 4.97692
8.33476, 4.68372
18.8054, 3.41057
29.9756, 2.71923

0.00388645, 0.00174012
0.0494322, -0.385654
0.576965, -0.437092
-0.816374, 0.579986
-0.329751, 1.48148
1.51038, 4.99003
8.31892, 4.71218
18.8013, 3.43306
29.974, 2.73731

0.00393126, 0.00177182
0.202631, -0.337852
0.640646, -0.337694
-0.869783, 0.495899
-0.408392, 1.46141
1.46846, 5.00278
8.30298, 4.7406
18.7971, 3.45555
29.9723, 2.75538

0.00397621, 0.00180386
0.323213, -0.234302
0.687378, -0.22926
-0.914552, 0.406925
-0.485852, 1.43716
1.42643, 5.01518
8.28695, 4.76896
18.793, 3.47803
29.9706, 2.77346

0.00402131, 0.00183625
0.3928, -0.093034
0.715908, -0.114671
-0.950242, 0.313948
-0.561906, 1.40879
1.38431, 5.02723
8.27082, 4.79726
18.7888, 3.5005
29.9689, 2.79153

0.00406657, 0.00186899
0.401725, 0.0630367
0.725473, 0.00302192
-0.976504, 0.217887
-0.636338, 1.3764
1.34208, 5.03892
8.2546, 4.82551
18.7846, 3.52297
29.9672, 2.80961

0.00411196, 0.0019021
0.349591, 0.209716
0.715823, 0.120685
-0.993078, 0.119693
-0.708933, 1.34005
1.29976, 5.05025
8.23829, 4.8537
18.7803, 3.54544
29.9655, 2.82768

0.0041575, 0.00193558
0.244739, 0.324683
0.687228, 0.235186
-0.999803, 0.0203355
-0.779483, 1.29987
1.25735, 5.06123
8.22188, 4.88184
18.7761, 3.5679
29.9638, 2.84575

0.00420317, 0.00196945
0.103005, 0.390173
0.640468, 0.343485
-0.996612, -0.0792034
-0.847783, 1.25597
1.21485, 5.07185
8.20537, 4.90992
18.7718, 3.59035
29.962, 2.86382

0.00424897, 0.0020037
-0.0540995, 0.39527
0.576812, 0.442716
-0.983534, -0.17794
-0.913638, 1.20847
1.17227, 5.08212
8.18877, 4.93795
18.7674, 3.6128
29.9603, 2.88189

0.00429488, 0.00203834
-0.201919, 0.337786
0.497977, 0.530263
-0.960697, -0.274899
-0.976859, 1.15751
1.1296, 5.09202
8.17208, 4.96592
18.7631, 3.63525
29.9585, 2.89996

0.00434089, 0.00207338
-0.316027, 0.225417
0.40608, 0.603835
-0.928323, -0.369121
-1.03726, 1.10323
1.08686, 5.10157
8.1553, 4.99383
18.7587, 3.65769
29.9567, 2.91803

0.00438699, 0.00210882
-0.37635, 0.0755513
0.303577, 0.66152
-0.886729, -0.459672
-1.09467, 1.04578
1.04403, 5.11075
8.13842, 5.02169
18.7543, 3.68012
29.9549, 2.93609

0.00443317, 0.00214465
-0.371366, -0.0869112
0.193194, 0.701838
-0.83632, -0.545656
-1.14893, 0.985344
1.00114, 5.11958
8.12144, 5.04948
18.7499, 3.70255
29.9532, 2.95416

0.00447941, 0.00218087
-0.301146, -0.233914
0.077852, 0.723773
-0.777591, -0.626218
-1.19987, 0.92208
0.958171, 5.12804
8.10438, 5.07722
18.7454, 3.72498
29.9513, 2.97222

0.00452573, 0.00221747
-0.177866, -0.339928
-0.0394131, 0.726798
-0.711116, -0.700557
-1.24735, 0.856173
0.915137, 5.13614
8.08722, 5.10491
18.7409, 3.74739
29.9495, 2.99029

0.0045721, 0.00225444
-0.0232936, -0.387241
-0.155529, 0.710881
-0.63755, -0.767931
-1.29123, 0.787814
0.872039, 5.14388
8.06997, 5.13253
18.7364, 3.76981
29.9477, 3.00835

0.00461853, 0.0022918
0.135959, -0.369139
-0.26747, 0.676483
-0.557614, -0.827665
-1.33139, 0.717196
0.828881, 5.15126
8.05262, 5.16009
18.7319, 3.79221
29.9459, 3.02641

0.004665, 0.00232953
0.273732, -0.290295
-0.37233, 0.624542
-0.472098, -0.879162
-1.36771, 0.644525
0.785664, 5.15827
8.03519, 5.1876
18.7273, 3.81462
29.944, 3.04447

0.00471153, 0.00236762
0.368674, -0.164869
-0.467399, 0.556441
-0.381845, -0.9219
-1.40008, 0.570007
0.742392, 5.16492
8.01766, 5.21505
18.7227, 3.83701
29.9422, 3.06253

0.0047581, 0.00240609
0.406978, -0.0134182
-0.550229, 0.473977
-0.287747, -0.955445
-1.42842, 0.493858
0.699068, 5.17121
8.00004, 5.24243
18.7181, 3.85941
29.9403, 3.08059

0.00480471, 0.00244492
0.383614, 0.140459
-0.61869, 0.379304
-0.190738, -0.979456
-1.45263, 0.416296
0.655695, 5.17713
7.98233, 5.26976
18.7134, 3.88179
29.9384, 3.09864

0.00485136, 0.00248411
0.302446, 0.273276
-0.671027, 0.274886
-0.0917801, -0.993682
-1.47265, 0.337545
0.612276, 5.18269
7.96452, 5.29703
18.7088, 3.90417
29.9365, 3.1167

0.00489803, 0.00252367
0.17559, 0.364522
-0.705898, 0.163429
0.00814174, -0.997972
-1.48843, 0.25783
0.568815, 5.18788
7.94663, 5.32423
18.7041, 3.92655
29.9346, 3.13475

0.00494473, 0.00256358
0.0221087, 0.3993
-0.722405, 0.0478151
0.108031, -0.992271
-1.49991, 0.177381
0.525314, 5.19271
7.92864, 5.35138
18.6993, 3.94892
29.9327, 3.15281

0.00499145, 0.00260384
-0.134114, 0.370725
-0.720118, -0.0689677
0.20689, -0.976626
-1.50706, 0.0964303
0.481776, 5.19717
7.91056, 5.37846
18.6946, 3.97128
29.9308, 3.17086

0.00503818, 0.00264445
-0.26751, 0.281745
-0.699087, -0.1839
0.30373, -0.951184
-1.50986, 0.0152096
0.438205, 5.20126
7.8924, 5.40548
18.6898, 3.99364
29.9288, 3.18891

0.00508492, 0.00268539
-0.354997, 0.145752
-0.659838, -0.294005
0.397577, -0.916188
-1.5083, -0.0660469
0.394604, 5.20499
7.87414, 5.43244
18.685, 4.01599
29.9269, 3.20696

0.00513168, 0.00272665
-0.38058, -0.014836
-0.603363, -0.396424
0.487491, -0.871982
-1.50239, -0.147105
0.350975, 5.20835
7.85579, 5.45934
18.6802, 4.03834
29.9249, 3.22501

0.00517844, 0.00276823
-0.339156, -0.172373
-0.531099, -0.488486
0.572564, -0.818999
-1.49215, -0.227733
0.307321, 5.21135
7.83735, 5.48618
18.6753, 4.06068
29.9229, 3.24306

0.00522523, 0.00281012
-0.238008, -0.299531
-0.444893, -0.567777
0.65194, -0.757763
-1.4776, -0.307697
0.263647, 5.21398
7.81882, 5.51295
18.6704, 4.08301
29.921, 3.2611

0.00527205, 0.00285231
-0.0952297, -0.374944
-0.346961, -0.632202
0.724817, -0.688884
-1.45878, -0.386768
0.219954, 5.21624
7.80021, 5.53966
18.6655, 4.10534
29.919, 3.27915

0.0053189, 0.00289479
0.0643696, -0.387123
-0.239832, -0.680045
0.790458, -0.613048
-1.43575, -0.464718
0.176246, 5.21813
7.7815, 5.56631
18.6606, 4.12766
29.917, 3.29719

0.0053658, 0.00293757
0.214348, -0.335759
-0.126286, -0.710012
0.848198, -0.531014
-1.40858, -0.541323
0.132527, 5.21966
7.7627, 5.59289
18.6556, 4.14998
29.9149, 3.31523

0.00541275, 0.00298064
0.331174, -0.230664
-0.00928484, -0.721269
0.897452, -0.443603
-1.37735, -0.616363
0.0887979, 5.22082
7.74382, 5.61941
18.6506, 4.17229
29.9129, 3.33327

0.00545978, 0.00302402
0.397436, -0.0893037
0.108103, -0.713474
0.93772, -0.351694
-1.34214, -0.689622
0.0450634, 5.22162
7.72484, 5.64587
18.6456, 4.1946
29.9109, 3.35131

0.00550687, 0.00306771
0.403678, 0.0661946
0.222784, -0.686784
0.968595, -0.25621
-1.30305, -0.76089
0.00132624, 5.22204
7.70578, 5.67226
18.6405, 4.2169
29.9088, 3.36935

0.00555404, 0.00311171
0.349149, 0.212059
0.331722, -0.64186
0.989763, -0.158113
-1.2602, -0.829961
-0.0424106, 5.2221
7.68663, 5.69858
18.6354, 4.23919
29.9068, 3.38739

0.0056013, 0.00315604
0.241786, 0.325793
0.432021, -0.579852
1.00101, -0.0583896
-1.21372, -0.896638
-0.086144, 5.22179
7.66739, 5.72484
18.6303, 4.26148
29.9047, 3.40543

0.00564864, 0.00320071
0.0974777, 0.389059
0.521005, -0.502373
1.00222, 0.0419543
-1.16373, -0.960728
-0.129871, 5.22112
7.64807, 5.75104
18.6252, 4.28376
29.9026, 3.42346

0.00569606, 0.00324572
-0.0615476, 0.390487
0.596293, -0.411458
0.993384, 0.141908
-1.11038, -1.02205
-0.173588, 5.22008
7.62865, 5.77717
18.62, 4.30603
29.9005, 3.4415

0.00574356, 0.0032911
-0.209498, 0.328135
0.655865, -0.309508
0.974594, 0.240464
-1.05382, -1.08042
-0.217293, 5.21867
7.60915, 5.80323
18.6149, 4.3283
29.8984, 3.45953

0.00579114, 0.00333683
-0.321073, 0.210888
0.698126, -0.199228
0.946041, 0.336631
-0.994224, -1.13569
-0.260982, 5.2169
7.58956, 5.82923
18.6097, 4.35056
29.8963, 3.47756

0.00583878, 0.00338293
-0.376339, 0.057885
0.721942, -0.0835512
0.908016, 0.42944
-0.931753, -1.18768
-0.304652, 5.21475
7.56989, 5.85516
18.6044, 4.37282
29.8942, 3.49559

0.0058865, 0.00342942
-0.365176, -0.104591
0.726681, 0.0344422
0.860908, 0.517961
-0.86659, -1.23625
-0.3483, 5.21225
7.55013, 5.88102
18.5992, 4.39507
29.8921, 3.51362

0.00593428, 0.00347628
-0.289727, -0.248352
0.712225, 0.15161
0.805195, 0.601303
-0.798923, -1.28126
-0.391924, 5.20937
7.53028, 5.90681
18.5939, 4.41731
29.8899, 3.53165

0.00598212, 0.00352353
-0.163806, -0.349123
0.678977, 0.264837
0.741444, 0.678634
-0.728945, -1.32259
-0.435519, 5.20613
7.51035, 5.93254
18.5885, 4.43955
29.8878, 3.54967

0.00603002, 0.00357118
-0.00956649, -0.391077
0.627843, 0.37112
0.670302, 0.74918
-0.656859, -1.36011
-0.479083, 5.20253
7.49033, 5.9582
18.5832, 4.46178
29.8856, 3.5677

0.00607797, 0.00361922
0.147205, -0.368974
0.56021, 0.467651
0.592488, 0.812238
-0.582871, -1.39371
-0.522614, 5.19856
7.47022, 5.9838
18.5778, 4.48401
29.8834, 3.58572

0.00612597, 0.00366768
0.281662, -0.28796
0.4779, 0.551893
0.50879, 0.867184
-0.507194, -1.42331
-0.566107, 5.19422
7.45003, 6.00932
18.5724, 4.50622
29.8812, 3.60374

0.00617401, 0.00371656
0.373454, -0.161788
0.383122, 0.621645
0.420053, 0.913472
-0.430045, -1.44882
-0.609559, 5.18952
7.42975, 6.03478
18.567, 4.52844
29.879, 3.62177

0.00622208, 0.00376587
0.409068, -0.0103011
0.278403, 0.675104
0.327171, 0.950649
-0.351646, -1.47016
-0.652969, 5.18446
7.40939, 6.06016
18.5616, 4.55064
29.8768, 3.63979

0.00627017, 0.00381562
0.383173, 0.143334
0.166525, 0.710904
0.231077, 0.978352
-0.272221, -1.48728
-0.696332, 5.17903
7.38895, 6.08548
18.5561, 4.57284
29.8746, 3.6578

0.00631826, 0.00386581
0.299218, 0.275478
0.0504416, 0.728152
0.132736, 0.996313
-0.191998, -1.50013
-0.739646, 5.17324
7.36842, 6.11073
18.5506, 4.59503
29.8723, 3.67582

0.00636634, 0.00391644
0.169309, 0.365008
-0.0667963, 0.726444
0.0331318, 1.00436
-0.111207, -1.50867
-0.782907, 5.16709
7.3478, 6.13591
18.5451, 4.61722
29.8701, 3.69384

0.0064144, 0.00396753
0.0131912, 0.396459
-0.182124, 0.705873
-0.0667393, 1.00244
-0.0300797, -1.51287
-0.826113, 5.16057
7.3271, 6.16101
18.5395, 4.6394
29.8678, 3.71185

0.00646241, 0.00401907
-0.144047, 0.363026
-0.29254, 0.667018
-0.165881, 0.990556
0.0511524, -1.51274
-0.86926, 5.15369
7.30632, 6.18605
18.5339, 4.66157
29.8656, 3.72986

0.00651036, 0.00407105
-0.275771, 0.268735
-0.395185, 0.610931
-0.263308, 0.968855
0.132257, -1.50826
-0.912347, 5.14645
7.28545, 6.21102
18.5283, 4.68374
29.8633, 3.74788

0.00655824, 0.00412347
-0.358775, 0.128764
-0.487408, 0.5391
-0.358051, 0.937559
0.213001, -1.49946
-0.955368, 5.13885
7.2645, 6.23591
18.5227, 4.70589
29.861, 3.76589

0.00660602, 0.00417632
-0.37826, -0.0328759
-0.566836, 0.453414
-0.449171, 0.896988
0.293155, -1.48635
-0.998322, 5.1309
7.24347, 6.26074
18.517, 4.72805
29.8587, 3.78389

0.0066537, 0.00422959
-0.331162, -0.188106
-0.63143, 0.356106
-0.535766, 0.847554
0.372489, -1.46898
-1.04121, 5.12258
7.22236, 6.28549
18.5113, 4.75019
29.8564, 3.8019

0.00670126, 0.00428326
-0.226555, -0.310592
-0.679531, 0.249703
-0.616981, 0.789755
0.450777, -1.4474
-1.08402, 5.1139
7.20116, 6.31017
18.5056, 4.77233
29.8541, 3.81991

0.00674872, 0.00433732
-0.0831833, -0.38075
-0.709905, 0.136962
-0.692015, 0.724171
0.527796, -1.42167
-1.12675, 5.10486
7.17988, 6.33478
18.4999, 4.79446
29.8517, 3.83791

0.00679605, 0.00439176
0.0747307, -0.388636
-0.721767, 0.020795
-0.760127, 0.651458
0.603326, -1.39186
-1.1694, 5.09547
7.15851, 6.35932
18.4941, 4.81659
29.8494, 3.85592

0.00684326, 0.00444657
0.221938, -0.33458
-0.714804, -0.0957953
-0.820649, 0.572341
0.677152, -1.35807
-1.21197, 5.08572
7.13707, 6.38379
18.4883, 4.83871
29.847, 3.87392

0.00689036, 0.00450174
0.335913, -0.228145
-0.689181, -0.209793
-0.872985, 0.487607
0.749063, -1.32038
-1.25446, 5.07561
7.11555, 6.40818
18.4825, 4.86082
29.8447, 3.89192

0.00693733, 0.00455726
0.399605, -0.0861541
-0.645541, -0.318244
-0.916621, 0.398096
0.818855, -1.27891
-1.29686, 5.06515
7.09394, 6.4325
18.4766, 4.88292
29.8423, 3.90992

0.00698418, 0.00461314
0.403305, 0.0696954
-0.584987, -0.418326
-0.951129, 0.304697
0.886329, -1.23378
-1.33916, 5.05433
7.07225, 6.45674
18.4707, 4.90502
29.8399, 3.92792

0.00703091, 0.00466935
0.345832, 0.215499
-0.509061, -0.507425
-0.97617, 0.208332
0.951293, -1.18511
-1.38138, 5.04316
7.05048, 6.48091
18.4648, 4.92711
29.8375, 3.94591

0.00707753, 0.0047259
0.235039, 0.328124
-0.419705, -0.583199
-0.991498, 0.109956
1.01356, -1.13304
-1.42349, 5.03163
7.02863, 6.50501
18.4589, 4.94919
29.8351, 3.96391

0.00712402, 0.00478278
0.0874434, 0.38854
-0.31922, -0.643639
-0.996963, 0.0105414
1.07296, -1.07773
-1.4655, 5.01976
7.0067, 6.52903
18.453, 4.97127
29.8327, 3.9819

0.00717039, 0.00483999
-0.0734786, 0.385283
-0.210203, -0.687128
-0.992509, -0.0889301
1.12932, -1.01933
-1.50742, 5.00753
6.98469, 6.55298
18.447, 4.99334
29.8302, 3.99989

0.00721663, 0.00489751
-0.220689, 0.317343
-0.0954896, -0.712482
-0.978179, -0.187475
1.18248, -0.958015
-1.54922, 4.99495
6.9626, 6.57686
18.441, 5.0154
29.8278, 4.01788

0.00726276, 0.00495535
-0.328498, 0.195387
0.0219225, -0.718987
-0.954113, -0.284119
1.23228, -0.89395
-1.59092, 4.98203
6.94044, 6.60066
18.4349, 5.03745
29.8253, 4.03587

0.00730877, 0.00501349
-0.377928, 0.0403203
0.138948, -0.706422
-0.920544, -0.377905
1.2786, -0.827322
-1.6325, 4.96875
6.91819, 6.62438
18.4289, 5.0595
29.8229, 4.05386

0.00735466, 0.00507192
-0.360816, -0.120844
0.252499, -0.675073
-0.877801, -0.467904
1.32129, -0.758322
-1.67397, 4.95513
6.89586, 6.64803
18.4228, 5.08154
29.8204, 4.07184

0.00740045, 0.00513065
-0.281209, -0.260636
0.359561, -0.625725
-0.826301, -0.553224
1.36024, -0.687146
-1.71532, 4.94116
6.87346, 6.6716
18.4167, 5.10357
29.8179, 4.08983

0.00744614, 0.00518966
-0.153813, -0.356419
0.457286, -0.559649
-0.766549, -0.633017
1.39533, -0.613997
-1.75655, 4.92684
6.85097, 6.6951
18.4105, 5.1256
29.8154, 4.10781

0.00749174, 0.00524896
-0.000436203, -0.393943
0.543063, -0.47857
-0.69913, -0.706488
1.42647, -0.539084
-1.79766, 4.91219
6.82841, 6.71852
18.4044, 5.14762
29.8129, 4.12579

0.00753725, 0.00530854
0.154186, -0.36875
0.614595, -0.384623
-0.624707, -0.772903
1.45356, -0.462621
-1.83864, 4.89718
6.80577, 6.74186
18.3982, 5.16963
29.8104, 4.14377

0.00758269, 0.00536841
0.286197, -0.285883
0.669963, -0.280293
-0.544012, -0.831599
1.47654, -0.384824
-1.87949, 4.88184
6.78305, 6.76513
18.3919, 5.19163
29.8079, 4.16175

0.00762807, 0.00542858
0.375658, -0.158535
0.707685, -0.168353
-0.45784, -0.881983
1.49533, -0.305915
-1.92021, 4.86615
6.76026, 6.78832
18.3857, 5.21363
29.8053, 4.17973

0.00767338, 0.00548906
0.408847, -0.00611677
0.726753, -0.0517813
-0.367042, -0.923549
1.50989, -0.22612
-1.9608, 4.85013
6.73738, 6.81143
18.3794, 5.23562
29.8028, 4.1977

0.00771863, 0.00554985
0.37998, 0.148097
0.726663, 0.066316
-0.272517, -0.955872
1.52017, -0.145665
-2.00124, 4.83376
6.71443, 6.83446
18.3731, 5.2576
29.8002, 4.21568

0.00776382, 0.00561096
0.292341, 0.279806
0.707432, 0.182796
-0.175202, -0.978623
1.52614, -0.0647786
-2.04155, 4.81706
6.69141, 6.85742
18.3668, 5.27957
29.7976, 4.23365

0.00780895, 0.0056724
0.15859, 0.367085
0.669591, 0.294563
-0.076063, -0.991563
1.52778, 0.0163081
-2.08171, 4.80002
6.66831, 6.8803
18.3605, 5.30154
29.795, 4.25162

0.00785401, 0.00573419
-0.000269041, 0.394184
0.614174, 0.398658
0.0239128, -0.994553
1.5251, 0.0973647
-2.12173, 4.78265
6.64513, 6.9031
18.3541, 5.32349
29.7924, 4.26959

0.00789899, 0.00579632
-0.157743, 0.355054
0.54268, 0.492335
0.123728, -0.987552
1.5181, 0.178161
-2.1616, 4.76494
6.62187, 6.92582
18.3477, 5.34544
29.7898, 4.28756

0.00794388, 0.0058588
-0.286538, 0.255455
0.457035, 0.573138
0.222385, -0.97062
1.5068, 0.258466
-2.20132, 4.7469
6.59854, 6.94846
18.3412, 5.36739
29.7872, 4.30552

0.00798868, 0.00592164
-0.364141, 0.112467
0.359533, 0.638965
0.318896, -0.943915
1.49123, 0.338053
-2.24088, 4.72853
6.57514, 6.97102
18.3348, 5.38932
29.7846, 4.32349

0.00803337, 0.00598484
-0.377581, -0.0488915
0.252772, 0.688117
0.412293, -0.907696
1.47143, 0.416693
-2.28028, 4.70983
6.55166, 6.99351
18.3283, 5.41125
29.7819, 4.34145

0.00807795, 0.00604838
-0.325764, -0.200963
0.13958, 0.719349
0.501636, -0.862315
1.44747, 0.494165
-2.31953, 4.6908
6.5281, 7.01591
18.3218, 5.43317
29.7793, 4.35941

0.00812242, 0.00611227
-0.218869, -0.318881
0.0229425, 0.731888
0.586026, -0.80822
1.41941, 0.570246
-2.35861, 4.67144
6.50448, 7.03824
18.3152, 5.45508
29.7766, 4.37737

0.00816676, 0.00617652
-0.0755355, -0.384628
-0.0940831, 0.725454
0.664612, -0.745945
1.38732, 0.644721
-2.39753, 4.65176
6.48077, 7.06048
18.3087, 5.47699
29.774, 4.39533

0.00821098, 0.0062411
0.0809087, -0.38916
-0.208442, 0.700264
0.736599, -0.676111
1.35131, 0.717377
-2.43628, 4.63175
6.457, 7.08264
18.3021, 5.49888
29.7713, 4.41328

0.00825507, 0.00630604
0.226165, -0.33284
-0.317165, 0.657016
0.801261, -0.599413
1.31148, 0.788008
-2.47486, 4.61142
6.43314, 7.10473
18.2955, 5.52077
29.7686, 4.43124

0.00829903, 0.00637132
0.338157, -0.224749
-0.417437, 0.596871
0.857941, -0.51662
1.26792, 0.856411
-2.51326, 4.59077
6.40922, 7.12673
18.2888, 5.54265
29.7659, 4.44919

0.00834285, 0.00643694
0.399664, -0.0812848
-0.506674, 0.521421
0.906067, -0.428559
1.22078, 0.922392
-2.55149, 4.5698
6.38522, 7.14865
18.2822, 5.56452
29.7632, 4.46714

0.00838653, 0.00650291
0.400498, 0.0757806
-0.58258, 0.43264
0.945148, -0.336117
1.17019, 0.985763
-2.58954, 4.5485
6.36115, 7.17049
18.2755, 5.58639
29.7604, 4.48509

0.00843005, 0.00656923
0.339223, 0.221873
-0.643207, 0.332842
0.97479, -0.240222
1.11628, 1.04634
-2.62741, 4.5269
6.33701, 7.19225
18.2688, 5.60825
29.7577, 4.50304

0.00847343, 0.00663589
0.224147, 0.332948
-0.686996, 0.224615
0.994692, -0.141839
1.05921, 1.10396
-2.6651, 4.50497
6.3128, 7.21392
18.262, 5.63009
29.7549, 4.52099

0.00851664, 0.00670289
0.0730315, 0.389496
-0.712822, 0.110757
1.00465, -0.0419593
0.999144, 1.15844
-2.70259, 4.48274
6.28851, 7.23552
18.2552, 5.65193
29.7522, 4.53893

0.00855968, 0.00677024
-0.0891134, 0.380606
-0.720015, -0.0057882
1.00457, 0.0584112
0.936254, 1.20965
-2.7399, 4.46019
6.26415, 7.25703
18.2484, 5.67377
29.7494, 4.55688

0.00860254, 0.00683791
-0.234326, 0.30691
-0.708377, -0.122008
0.994449, 0.158261
0.870717, 1.25742
-2.77702, 4.43733
6.23972, 7.27846
18.2416, 5.69559
29.7466, 4.57482

0.00864522, 0.00690591
-0.337326, 0.181072
-0.678191, -0.234895
0.974391, 0.256586
0.802719, 1.30162
-2.81394, 4.41416
6.21522, 7.2998
18.2348, 5.71741
29.7438, 4.59276

0.00868771, 0.00697423
-0.380791, 0.0252635
-0.630216, -0.341519
0.944603, 0.352395
0.732455, 1.34213
-2.85067, 4.39068
6.19065, 7.32106
18.2279, 5.73922
29.741, 4.6107

0.00873, 0.00704285
-0.358552, -0.13363
-0.565666, -0.439101
0.905389, 0.444725
0.660125, 1.37882
-2.8872, 4.3669
6.16601, 7.34224
18.221, 5.76102
29.7382, 4.62863

0.00877211, 0.00711177
-0.275942, -0.269401
-0.486186, -0.525086
0.857148, 0.53265
0.585934, 1.4116
-2.92352, 4.34281
6.1413, 7.36334
18.2141, 5.78281
29.7354, 4.64657

0.00881403, 0.00718097
-0.147792, -0.360943
-0.393813, -0.597208
0.800371, 0.615287
0.510094, 1.44037
-2.95964, 4.31842
6.11652, 7.38435
18.2071, 5.80459
29.7325, 4.6645

0.00885577, 0.00725046
0.00481833, -0.394987
-0.290928, -0.65355
0.735635, 0.69181
0.432821, 1.46504
-2.99555, 4.29373
6.09167, 7.40528
18.2001, 5.82636
29.7297, 4.68243

0.00889733, 0.00732023
0.158049, -0.367234
-0.180196, -0.692596
0.663595, 0.761455
0.354337, 1.48555
-3.03126, 4.26875
6.06675, 7.42612
18.1931, 5.84813
29.7268, 4.70036

0.00893872, 0.00739028
0.288517, -0.282322
-0.0645032, -0.713275
0.584983, 0.823529
0.274865, 1.50183
-3.06675, 4.24346
6.04176, 7.44688
18.1861, 5.86989
29.724, 4.71829

0.00897995, 0.0074606
0.376147, -0.153017
0.0531219, -0.714996
0.500592, 0.877416
0.194632, 1.51384
-3.10202, 4.21788
6.0167, 7.46756
18.179, 5.89164
29.7211, 4.73622

0.00902103, 0.00753121
0.406709, 0.00122976
0.169583, -0.697664
0.411273, 0.922584
0.113868, 1.52154
-3.13708, 4.192
5.99157, 7.48815
18.1719, 5.91338
29.7182, 4.75414

0.00906194, 0.0076021
0.374066, 0.156479
0.281799, -0.661691
0.317926, 0.95859
0.0328039, 1.52491
-3.17193, 4.16584
5.96638, 7.50865
18.1648, 5.93511
29.7153, 4.77206

0.00910271, 0.00767328
0.281835, 0.287424
0.386791, -0.607989
0.22149, 0.985084
-0.0483288, 1.52394
-3.20654, 4.13938
5.94112, 7.52907
18.1577, 5.95684
29.7124, 4.78999

0.00914332, 0.00774477
0.143871, 0.37146
0.481759, -0.537947
0.12293, 1.00181
-0.129297, 1.51863
-3.24094, 4.11264
5.91578, 7.54941
18.1505, 5.97855
29.7095, 4.8079

0.00918377, 0.00781655
-0.0171815, 0.393164
0.564165, -0.453401
0.0232343, 1.00861
-0.20987, 1.50899
-3.27511, 4.08561
5.89039, 7.56965
18.1433, 6.00026
29.7065, 4.82582

0.00922406, 0.00788865
-0.173659, 0.347995
0.631801, -0.35658
-0.076602, 1.00543
-0.289816, 1.49506
-3.30905, 4.0583
5.86492, 7.58982
18.1361, 6.02196
29.7036, 4.84374

0.00926418, 0.00796105
-0.298377, 0.243763
0.682855, -0.250052
-0.175583, 0.992316
-0.368905, 1.47686
-3.34276, 4.0307
5.83939, 7.60989
18.1289, 6.04365
29.7006, 4.86165

0.00930413, 0.00803377
-0.370271, 0.0990424
0.715961, -0.136648
-0.272725, 0.969402
-0.446911, 1.45446
-3.37623, 4.00283
5.81379, 7.62988
18.1216, 6.06533
29.6976, 4.87956

0.00934391, 0.0081068
-0.378339, -0.0609812
0.730237, -0.0193894
-0.367063, 0.936928
-0.52361, 1.42791
-3.40947, 3.97467
5.78813, 7.64978
18.1143, 6.087
29.6947, 4.89747

0.0093835, 0.00818015
-0.32292, -0.209691
0.725313, 0.0986021
-0.457662, 0.895228
-0.598781, 1.39728
-3.44247, 3.94624
5.7624, 7.6696
18.107, 6.10867
29.6917, 4.91538

0.0094229, 0.00825381
-0.214538, -0.323674
0.701336, 0.214187
-0.543625, 0.844723
-0.672208, 1.36268
-3.47523, 3.91754
5.7366, 7.68933
18.0996, 6.13032
29.6887, 4.93329

0.00946212, 0.00832778
-0.0712705, -0.385956
0.658968, 0.324299
-0.624104, 0.785923
-0.743681, 1.32419
-3.50775, 3.88856
5.71074, 7.70897
18.0922, 6.15197
29.6857, 4.95119

0.00950114, 0.00840208
0.0843807, -0.387755
0.599362, 0.426026
-0.698305, 0.719418
-0.812993, 1.28193
-3.54002, 3.85931
5.68482, 7.72852
18.0848, 6.1736
29.6826, 4.9691

0.00953997, 0.00847669
0.228606, -0.329103
0.524132, 0.516691
-0.765497, 0.645872
-0.879945, 1.23601
-3.57205, 3.8298
5.65883, 7.74799
18.0774, 6.19523
29.6796, 4.987

0.00957859, 0.00855163
0.339218, -0.218654
0.4353, 0.593923
-0.825018, 0.566019
-0.944344, 1.18656
-3.60383, 3.80002
5.63278, 7.76736
18.07, 6.21685
29.6766, 5.0049

0.00961701, 0.0086269
0.39846, -0.0727981
0.33524, 0.655717
-0.876286, 0.480652
-1.006, 1.13374
-3.63535, 3.76997
5.60666, 7.78665
18.0625, 6.23846
29.6735, 5.0228

0.0096552, 0.00870249
0.395688, 0.086044
0.226614, 0.70049
-0.918794, 0.390618
-1.06475, 1.07768
-3.66662, 3.73967
5.58048, 7.80585
18.055, 6.26007
29.6704, 5.04069

0.00969317, 0.00877842
0.329658, 0.232213
0.112295, 0.72711
-0.952127, 0.296811
-1.12041, 1.01856
-3.69764, 3.7091
5.55423, 7.82497
18.0475, 6.28166
29.6674, 5.05859

0.0097309, 0.00885468
0.209795, 0.34079
-0.00470985, 0.734929
-0.975958, 0.200158
-1.17282, 0.956533
-3.7284, 3.67828
5.52792, 7.84399
18.0399, 6.30324
29.6643, 5.07648

0.00976837, 0.00893128
0.0555645, 0.392348
-0.121338, 0.72379
-0.990051, 0.101616
-1.22184, 0.891785
-3.75889, 3.6472
5.50155, 7.86292
18.0323, 6.32482
29.6612, 5.09437

0.00980558, 0.0090082
-0.10662, 0.377313
-0.234552, 0.694031
-0.994269, 0.00215895
-1.26731, 0.8245
-3.78913, 3.61587
5.47512, 7.88177
18.0247, 6.34638
29.6581, 5.11226

0.0098425, 0.00908544
-0.248604, 0.298374
-0.341414, 0.646466
-0.988569, -0.0972303
-1.30912, 0.754872
-3.8191, 3.58428
5.44862, 7.90053
18.0171, 6.36794
29.6549, 5.13014

0.00987913, 0.00916299
-0.346315, 0.169878
-0.439163, 0.582366
-0.973005, -0.195569
-1.34713, 0.6831
-3.84881, 3.55245
5.42206, 7.91919
18.0094, 6.38949
29.6518, 5.14803

0.00991545, 0.00924083
-0.384335, 0.0144496
-0.525282, 0.503418
-0.947729, -0.291884
-1.38124, 0.609391
-3.87824, 3.52037
5.39545, 7.93777
18.0017, 6.41103
29.6487, 5.16591

0.00995146, 0.00931896
-0.358035, -0.141828
-0.597556, 0.411686
-0.912987, -0.385222
-1.41136, 0.533957
-3.90741, 3.48805
5.36876, 7.95625
17.994, 6.43256
29.6455, 5.18379

0.00998715, 0.00939736
-0.273287, -0.274098
-0.654128, 0.309555
-0.869119, -0.474658
-1.43738, 0.457015
-3.9363, 3.45549
5.34202, 7.97465
17.9863, 6.45408
29.6423, 5.20167

0.0100225, 0.00947601
-0.144531, -0.362325
-0.693544, 0.19967
-0.816553, -0.559305
-1.45925, 0.378786
-3.96492, 3.42268
5.31522, 7.99295
17.9785, 6.47559
29.6392, 5.21955

0.0100576, 0.00955489
0.00790111, -0.393596
-0.714786, 0.0848727
-0.755804, -0.63832
-1.47689, 0.299495
-3.99326, 3.38964
5.28836, 8.01117
17.9707, 6.49709
29.636, 5.23742

0.0100923, 0.00963401
0.160662, -0.363342
-0.7173, -0.0318707
-0.687469, -0.710917
-1.49025, 0.219371
-4.02133, 3.35637
5.26144, 8.02929
17.9629, 6.51858
29.6328, 5.2553

0.0101267, 0.00971333
0.290283, -0.27577
-0.701006, -0.147541
-0.612218, -0.77637
-1.4993, 0.138645
-4.04911, 3.32286
5.23446, 8.04732
17.9551, 6.54006
29.6296, 5.27317

0.0101608, 0.00979287
0.376125, -0.143586
-0.666305, -0.25914
-0.530793, -0.834024
-1.50401, 0.0575473
-4.07661, 3.28912
5.20741, 8.06527
17.9472, 6.56154
29.6264, 5.29104

0.0101947, 0.0098726
0.403393, 0.0131461
-0.614069, -0.363767
-0.443996, -0.883297
-1.50436, -0.0236868
-4.10383, 3.25515
5.18031, 8.08312
17.9393, 6.583
29.6231, 5.30891

0.0102282, 0.00995252
0.365987, 0.16934
-0.545622, -0.458692
-0.352684, -0.923693
-1.50036, -0.104824
-4.13076, 3.22096
5.15315, 8.10087
17.9314, 6.60445
29.6199, 5.32677

0.0102614, 0.0100326
0.268529, 0.29863
-0.462712, -0.541423
-0.257762, -0.954799
-1.49201, -0.185631
-4.15741, 3.18654
5.12594, 8.11854
17.9235, 6.6259
29.6166, 5.34463

0.0102943, 0.0101129
0.12661, 0.378239
-0.367467, -0.609771
-0.160172, -0.976296
-1.47934, -0.265874
-4.18376, 3.15191
5.09866, 8.13611
17.9155, 6.64733
29.6134, 5.3625

0.010327, 0.0101934
-0.0355238, 0.393872
-0.262347, -0.661915
-0.0608815, -0.987958
-1.46239, -0.345324
-4.20982, 3.11705
5.07133, 8.1536
17.9075, 6.66876
29.6101, 5.38036

0.0103593, 0.010274
-0.18971, 0.343004
-0.150081, -0.696445
0.0391189, -0.98966
-1.4412, -0.42375
-4.23559, 3.08198
5.04394, 8.17099
17.8995, 6.69018
29.6068, 5.39821

0.0103914, 0.0103548
-0.309711, 0.235282
-0.0336005, -0.712407
0.138832, -0.981372
-1.41584, -0.500928
-4.26107, 3.0467
5.01649, 8.18828
17.8914, 6.71158
29.6035, 5.41607

0.0104232, 0.0104358
-0.376255, 0.0899974
0.0840391, -0.709331
0.23726, -0.963167
-1.38638, -0.576636
-4.28624, 3.0112
4.98898, 8.20549
17.8834, 6.73298
29.6002, 5.43392

0.0104547, 0.0105169
-0.379951, -0.0682182
0.199735, -0.687253
0.333417, -0.935216
-1.3529, -0.650656
-4.31112, 2.9755
4.96142, 8.2226
17.8753, 6.75437
29.5969, 5.45178

0.010486, 0.0105982
-0.321847, -0.21397
0.310422, -0.64671
0.426338, -0.897788
-1.31551, -0.722775
-4.3357, 2.93959
4.9338, 8.23962
17.8672, 6.77575
29.5936, 5.46962

0.010517, 0.0106796
-0.21224, -0.324919
0.413157, -0.58874
0.515088, -0.851251
-1.2743, -0.792785
-4.35998, 2.90348
4.90613, 8.25654
17.859, 6.79711
29.5902, 5.48747

0.0105478, 0.0107611
-0.068547, -0.384516
0.505198, -0.514849
0.598774, -0.796062
-1.2294, -0.860486
-4.38395, 2.86716
4.8784, 8.27337
17.8508, 6.81847
29.5869, 5.50532

0.0105784, 0.0108428
0.0872199, -0.38377
0.584083, -0.42698
0.67655, -0.732767
-1.18094, -0.925684
-4.40762, 2.83065
4.85062, 8.29011
17.8426, 6.83982
29.5835, 5.52316

0.0106088, 0.0109247
0.231188, -0.322276
0.6477, -0.327455
0.747631, -0.661996
-1.12906, -0.98819
-4.43098, 2.79394
4.82278, 8.30675
17.8344, 6.86116
29.5801, 5.541

0.0106389, 0.0110067
0.340587, -0.208561
0.694346, -0.218916
0.811297, -0.584455
-1.0739, -1.04783
-4.45403, 2.75704
4.79488, 8.3233
17.8262, 6.88249
29.5768, 5.55884

0.0106688, 0.0110888
0.396984, -0.0595766
0.722775, -0.104251
0.866903, -0.50092
-1.01563, -1.10442
-4.47678, 2.71995
4.76694, 8.33976
17.8179, 6.90381
29.5734, 5.57668

0.0106986, 0.0111712
0.389603, 0.101075
0.732235, 0.0134857
0.913886, -0.412228
-0.954413, -1.15781
-4.49921, 2.68267
4.73893, 8.35612
17.8096, 6.92512
29.57, 5.59452

0.0107281, 0.0112537
0.318063, 0.246503
0.722487, 0.131161
0.951769, -0.31927
-0.890425, -1.20785
-4.52132, 2.64521
4.71088, 8.37238
17.8012, 6.94642
29.5665, 5.61235

0.0107575, 0.0113365
0.193513, 0.351355
0.693811, 0.245648
0.980168, -0.222981
-0.82385, -1.25439
-4.54313, 2.60756
4.68277, 8.38855
17.7929, 6.96771
29.5631, 5.63018

0.0107866, 0.0114195
0.0371909, 0.397096
0.646995, 0.353913
0.998794, -0.12433
-0.754881, -1.29729
-4.56461, 2.56973
4.65461, 8.40463
17.7845, 6.98899
29.5597, 5.64801

0.0108155, 0.0115027
-0.123702, 0.376078
0.583313, 0.453098
1.00746, -0.0243093
-0.683716, -1.33644
-4.58578, 2.53172
4.62639, 8.42061
17.7761, 7.01026
29.5562, 5.66584

0.0108442, 0.0115861
-0.261672, 0.292934
0.504484, 0.5406
1.00607, 0.0760723
-0.610559, -1.37173
-4.60663, 2.49354
4.59812, 8.4365
17.7677, 7.03151
29.5528, 5.68366

0.0108727, 0.0116698
-0.354294, 0.162972
0.412624, 0.614136
0.994658, 0.175804
-0.53562, -1.40304
-4.62716, 2.45519
4.5698, 8.45229
17.7592, 7.05276
29.5493, 5.70149

0.0109009, 0.0117537
-0.387786, 0.00850998
0.310183, 0.671807
0.973326, 0.273881
-0.459115, -1.43031
-4.64737, 2.41667
4.54143, 8.46798
17.7507, 7.074
29.5458, 5.71931

0.0109289, 0.0118378
-0.358372, -0.14544
0.199879, 0.712138
0.942296, 0.369318
-0.381262, -1.45343
-4.66726, 2.37798
4.51301, 8.48358
17.7422, 7.09523
29.5423, 5.73713

0.0109565, 0.0119222
-0.271856, -0.27507
0.0846242, 0.734118
0.901886, 0.461154
-0.302287, -1.47236
-4.68682, 2.33912
4.48454, 8.49908
17.7337, 7.11645
29.5388, 5.75494

0.010984, 0.0120068
-0.142105, -0.360827
-0.0325568, 0.73722
0.852506, 0.548468
-0.222414, -1.48704
-4.70605, 2.30011
4.45601, 8.51449
17.7251, 7.13766
29.5353, 5.77276

0.0110111, 0.0120916
0.0110278, -0.389636
-0.148603, 0.721412
0.794659, 0.630385
-0.141873, -1.49742
-4.72496, 2.26093
4.42744, 8.5298
17.7166, 7.15886
29.5318, 5.79057

0.011038, 0.0121767
0.164158, -0.356482
-0.260496, 0.687147
0.728933, 0.706085
-0.0608942, -1.50349
-4.74353, 2.2216
4.39881, 8.54501
17.7079, 7.18005
29.5283, 5.80838

0.0110646, 0.012262
0.293218, -0.265375
-0.365339, 0.635356
0.655994, 0.774814
0.0202901, -1.50521
-4.76178, 2.18212
4.37014, 8.56013
17.6993, 7.20122
29.5247, 5.82619

0.0110908, 0.0123475
0.376788, -0.129506
-0.460424, 0.567413
0.57658, 0.835887
0.101448, -1.50259
-4.7797, 2.14249
4.34141, 8.57515
17.6907, 7.22239
29.5212, 5.844

0.0111168, 0.0124332
0.399761, 0.0298683
-0.543305, 0.485101
0.491494, 0.888701
0.182347, -1.49564
-4.79728, 2.1027
4.31264, 8.59007
17.682, 7.24355
29.5176, 5.8618

0.0111425, 0.0125192
0.356728, 0.186282
-0.611849, 0.390567
0.401594, 0.932733
0.262756, -1.48437
-4.81453, 2.06278
4.28382, 8.6049
17.6733, 7.26469
29.514, 5.8796

0.0111678, 0.0126054
0.253983, 0.312672
-0.664294, 0.286264
0.307785, 0.967553
0.342445, -1.46882
-4.83145, 2.02271
4.25495, 8.61963
17.6645, 7.28583
29.5104, 5.8974

0.0111928, 0.0126918
0.109019, 0.38689
-0.699291, 0.174891
0.211008, 0.992823
0.421187, -1.44904
-4.84803, 1.9825
4.22603, 8.63426
17.6558, 7.30696
29.5068, 5.9152

0.0112175, 0.0127784
-0.0528525, 0.396434
-0.715931, 0.0593285
0.112235, 1.0083
0.498758, -1.42508
-4.86427, 1.94215
4.19707, 8.64879
17.647, 7.32807
29.5032, 5.933

0.0112418, 0.0128652
-0.203838, 0.340786
-0.713774, -0.0574376
0.0124535, 1.01384
0.574935, -1.39701
-4.88017, 1.90167
4.16805, 8.66323
17.6382, 7.34918
29.4996, 5.95079

0.0112658, 0.0129521
-0.319161, 0.230766
-0.692859, -0.172384
-0.0873406, 1.0094
0.649501, -1.36491
-4.89574, 1.86106
4.13899, 8.67757
17.6293, 7.37027
29.496, 5.96858

0.0112894, 0.0130393
-0.381178, 0.0856071
-0.653703, -0.28253
-0.186153, 0.995035
0.722245, -1.32888
-4.91096, 1.82033
4.10989, 8.69181
17.6205, 7.39135
29.4923, 5.98637

0.0113126, 0.0131266
-0.381466, -0.0709655
-0.597291, -0.385005
-0.283001, 0.970899
0.792958, -1.28901
-4.92585, 1.77946
4.08073, 8.70595
17.6116, 7.41243
29.4887, 6.00416

0.0113354, 0.0132141
-0.32115, -0.214563
-0.525058, -0.47713
-0.376924, 0.937241
0.86144, -1.24543
-4.94039, 1.73848
4.05153, 8.71999
17.6027, 7.43349
29.485, 6.02194

0.0113579, 0.0133017
-0.210044, -0.323365
-0.43885, -0.556479
-0.466991, 0.894406
0.927495, -1.19826
-4.95458, 1.69737
4.02229, 8.73394
17.5937, 7.45454
29.4813, 6.03972

0.01138, 0.0133894
-0.065097, -0.380708
-0.340887, -0.62095
-0.552311, 0.842828
0.990936, -1.14763
-4.96844, 1.65615
3.993, 8.74779
17.5848, 7.47558
29.4776, 6.0575

0.0114018, 0.0134772
0.09167, -0.377137
-0.233702, -0.668814
-0.632043, 0.783026
1.05158, -1.09368
-4.98194, 1.61481
3.96366, 8.76153
17.5758, 7.49661
29.4739, 6.07528

0.0114232, 0.0135652
0.235779, -0.31197
-0.120085, -0.698773
-0.705401, 0.7156
1.10926, -1.03658
-4.9951, 1.57336
3.93428, 8.77518
17.5668, 7.51763
29.4702, 6.09306

0.0114443, 0.0136532
0.343583, -0.194125
-0.00300789, -0.709991
-0.771663, 0.641224
1.16381, -0.976487
-5.00792, 1.53181
3.90485, 8.78873
17.5577, 7.53864
29.4665, 6.11083

0.0114651, 0.0137413
0.396152, -0.0417263
0.11445, -0.702123
-0.830176, 0.560639
1.21507, -0.913567
-5.02038, 1.49015
3.87539, 8.80218
17.5486, 7.55964
29.4628, 6.1286

0.0114855, 0.0138295
0.3832, 0.12012
0.229185, -0.675332
-0.880367, 0.474645
1.2629, -0.848003
-5.0325, 1.44838
3.84587, 8.81553
17.5396, 7.58063
29.459, 6.14637

0.0115056, 0.0139179
0.305923, 0.263572
0.338153, -0.630286
-0.921742, 0.384096
1.30716, -0.779982
-5.04427, 1.40652
3.81632, 8.82879
17.5304, 7.6016
29.4553, 6.16414

0.0115254, 0.0140063
0.177459, 0.363621
0.438452, -0.568143
-0.953897, 0.28989
1.34773, -0.709699
-5.05568, 1.36456
3.78672, 8.84194
17.5213, 7.62257
29.4515, 6.1819

0.0115448, 0.0140948
0.0203657, 0.403349
0.527403, -0.490527
-0.976514, 0.192958
1.38449, -0.637353
-5.06675, 1.32251
3.75708, 8.85499
17.5121, 7.64352
29.4478, 6.19966

0.011564, 0.0141834
-0.138223, 0.377128
0.602627, -0.399483
-0.989372, 0.0942596
1.41734, -0.563151
-5.07746, 1.28037
3.72739, 8.86794
17.5029, 7.66446
29.444, 6.21742

0.0115828, 0.0142721
-0.272066, 0.290948
0.66211, -0.297422
-0.992344, -0.00522939
1.44619, -0.487304
-5.08782, 1.23814
3.69766, 8.88079
17.4937, 7.6854
29.4402, 6.23518

0.0116014, 0.0143609
-0.360316, 0.160295
0.704261, -0.187057
-0.985401, -0.104526
1.47094, -0.410028
-5.09783, 1.19582
3.6679, 8.89355
17.4845, 7.70632
29.4364, 6.25294

0.0116196, 0.0144498
-0.390246, 0.00675787
0.727958, -0.0713253
-0.968609, -0.202647
1.49154, -0.331542
-5.10748, 1.15342
3.63809, 8.9062
17.4752, 7.72723
29.4326, 6.27069

0.0116375, 0.0145388
-0.35829, -0.145594
0.732579, 0.0466904
-0.942131, -0.298623
1.50793, -0.252071
-5.11678, 1.11094
3.60824, 8.91875
17.4659, 7.74813
29.4287, 6.28844

0.011655, 0.0146278
-0.269856, -0.273498
0.718017, 0.163851
-0.906225, -0.391504
1.52005, -0.171841
-5.12572, 1.06839
3.57835, 8.9312
17.4566, 7.76902
29.4249, 6.30619

0.0116723, 0.014717
-0.138354, -0.357322
0.684683, 0.277046
-0.861243, -0.480367
1.52787, -0.0910794
-5.13431, 1.02576
3.54842, 8.94355
17.4473, 7.78989
29.421, 6.32393

0.0116892, 0.0148063
0.0163886, -0.383512
0.633491, 0.38328
-0.807624, -0.564332
1.53138, -0.0100165
-5.14253, 0.983068
3.51844, 8.9558
17.4379, 7.81076
29.4172, 6.34168

0.0117059, 0.0148956
0.170387, -0.346687
0.565831, 0.479756
-0.745893, -0.642563
1.53056, 0.0711173
-5.1504, 0.940305
3.48843, 8.96795
17.4285, 7.83161
29.4133, 6.35942

0.0117222, 0.014985
0.298612, -0.251134
0.483527, 0.563946
-0.676657, -0.71428
1.52541, 0.152091
-5.15792, 0.897477
3.45838, 8.97999
17.4191, 7.85246
29.4094, 6.37716

0.0117382, 0.0150746
0.378958, -0.111167
0.388783, 0.633663
-0.600596, -0.778766
1.51595, 0.232674
-5.16507, 0.854589
3.42829, 8.99194
17.4097, 7.87329
29.4055, 6.3949

0.0117539, 0.0151642
0.396588, 0.0503595
0.284121, 0.687109
-0.518459, -0.835374
1.5022, 0.312638
-5.17187, 0.811642
3.39817, 9.00378
17.4002, 7.89411
29.4016, 6.41263

0.0117693, 0.0152539
0.347532, 0.205788
0.172313, 0.722926
-0.431056, -0.883534
1.48421, 0.391754
-5.17831, 0.76864
3.368, 9.01553
17.3907, 7.91492
29.3977, 6.43036

0.0117844, 0.0153438
0.24012, 0.328101
0.056303, 0.740223
-0.339251, -0.922759
1.46203, 0.469798
-5.18438, 0.725585
3.3378, 9.02717
17.3812, 7.93572
29.3938, 6.44809

0.0117991, 0.0154337
0.0933865, 0.396555
-0.0608694, 0.738595
-0.243953, -0.952648
1.43571, 0.546547
-5.1901, 0.682482
3.30755, 9.03871
17.3716, 7.9565
29.3899, 6.46582

0.0118135, 0.0155237
-0.0671274, 0.400638
-0.176149, 0.718132
-0.146108, -0.972894
1.40534, 0.621783
-5.19546, 0.639332
3.27728, 9.05015
17.3621, 7.97728
29.3859, 6.48354

0.0118276, 0.0156139
-0.214648, 0.341334
-0.286544, 0.679407
-0.0466884, -0.983284
1.37099, 0.695292
-5.20045, 0.596139
3.24696, 9.06148
17.3525, 7.99804
29.382, 6.50127

0.0118412, 0.0157041
-0.325898, 0.229863
-0.389199, 0.623461
0.053315, -0.983703
1.33278, 0.766864
-5.20508, 0.552906
3.21661, 9.07272
17.3429, 8.0188
29.378, 6.51899

0.0118546, 0.0157944
-0.384341, 0.0849079
-0.481466, 0.551774
0.152904, -0.974135
1.29079, 0.836295
-5.20936, 0.509636
3.18622, 9.08385
17.3332, 8.03954
29.374, 6.5367

0.0118675, 0.0158848
-0.381881, -0.0706714
-0.560971, 0.46622
0.251081, -0.954666
1.24517, 0.903388
-5.21327, 0.466331
3.1558, 9.09488
17.3235, 8.06027
29.37, 6.55442

0.0118801, 0.0159752
-0.319328, -0.213041
-0.62567, 0.369026
0.346864, -0.92548
1.19602, 0.967951
-5.21681, 0.422995
3.12534, 9.1058
17.3139, 8.08098
29.366, 6.57213

0.0118923, 0.0160657
-0.206049, -0.320334
-0.673898, 0.26271
0.439289, -0.886859
1.1435, 1.0298
-5.22, 0.379631
3.09484, 9.11663
17.3041, 8.10169
29.362, 6.58984

0.0119041, 0.0161562
-0.0589279, -0.375391
-0.70441, 0.150023
0.527426, -0.83918
1.08775, 1.08876
-5.22282, 0.336242
3.06431, 9.12735
17.2944, 8.12238
29.358, 6.60755

0.0119156, 0.0162467
0.0994365, -0.368296
-0.716412, 0.0338769
0.610387, -0.782914
1.02894, 1.14466
-5.22528, 0.29283
3.03375, 9.13797
17.2846, 8.14307
29.3539, 6.62526

0.0119267, 0.0163373
0.243532, -0.298508
-0.709579, -0.0827253
0.687335, -0.718618
0.967221, 1.19733
-5.22738, 0.2494
3.00315, 9.14848
17.2748, 8.16374
29.3499, 6.64296

0.0119375, 0.0164279
0.348839, -0.175992
-0.684067, -0.196763
0.757491, -0.646931
0.902777, 1.24664
-5.22911, 0.205953
2.97252, 9.1589
17.265, 8.1844
29.3458, 6.66066

0.0119479, 0.0165184
0.39646, -0.0205289
-0.640511, -0.305273
0.820146, -0.56857
0.835791, 1.29244
-5.23048, 0.162493
2.94185, 9.16921
17.2552, 8.20504
29.3418, 6.67836

0.011958, 0.016609
0.377375, 0.141361
-0.580009, -0.405426
0.874663, -0.484319
0.766453, 1.3346
-5.23149, 0.119023
2.91115, 9.17941
17.2453, 8.22568
29.3377, 6.69606

0.0119677, 0.0166996
0.294814, 0.281582
-0.504103, -0.494595
0.92049, -0.395021
0.694961, 1.37299
-5.23213, 0.0755463
2.88042, 9.18952
17.2354, 8.2463
29.3336, 6.71375

0.0119771, 0.0167901
0.163646, 0.376282
-0.414736, -0.570428
0.957163, -0.301575
0.621519, 1.40752
-5.23241, 0.0320652
2.84966, 9.19952
17.2255, 8.26692
29.3295, 6.73144

0.0119862, 0.0168807
0.00694335, 0.410461
-0.314212, -0.630907
0.984308, -0.20492
0.546335, 1.43806
-5.23232, -0.0114169
2.81886, 9.20941
17.2156, 8.28752
29.3254, 6.74913

0.011995, 0.0169713
-0.148932, 0.3801
-0.20514, -0.674408
1.00165, -0.106029
0.469624, 1.46455
-5.23188, -0.0548971
2.78804, 9.21921
17.2056, 8.30811
29.3213, 6.76682

0.0120034, 0.0170618
-0.279126, 0.291787
-0.0903616, -0.699742
1.00901, -0.00589785
0.391605, 1.4869
-5.23106, -0.0983722
2.75718, 9.2289
17.1956, 8.32868
29.3172, 6.7845

0.0120115, 0.0171523
-0.363929, 0.160642
0.0271126, -0.706193
1.00633, 0.094465
0.312501, 1.50505
-5.22989, -0.141839
2.72629, 9.23848
17.1856, 8.34925
29.313, 6.80218

0.0120193, 0.0172428
-0.391033, 0.00747326
0.144188, -0.693545
0.993614, 0.194048
0.232537, 1.51895
-5.22835, -0.185295
2.69537, 9.24796
17.1756, 8.3698
29.3089, 6.81986

0.0120268, 0.0173333
-0.356636, -0.144204
0.257765, -0.662087
0.971008, 0.29185
0.151943, 1.52855
-5.22645, -0.228738
2.66442, 9.25734
17.1655, 8.39034
29.3047, 6.83754

0.0120339, 0.0174238
-0.265702, -0.271109
0.364826, -0.612614
0.93874, 0.386886
0.0709476, 1.53383
-5.22418, -0.272163
2.63344, 9.26662
17.1554, 8.41087
29.3005, 6.85521

0.0120408, 0.0175142
-0.131529, -0.353094
0.462517, -0.546407
0.897139, 0.4782
-0.0102162, 1.53477
-5.22156, -0.315567
2.60243, 9.27579
17.1453, 8.43139
29.2964, 6.87288

0.0120474, 0.0176046
0.0255111, -0.376048
0.548226, -0.465202
0.846628, 0.564878
-0.0913166, 1.53136
-5.21857, -0.358949
2.57139, 9.28485
17.1352, 8.45189
29.2922, 6.89055

0.0120538, 0.017695
0.180348, -0.334583
0.619661, -0.371143
0.787722, 0.64605
-0.172121, 1.52363
-5.21521, -0.402305
2.54032, 9.29381
17.125, 8.47238
29.288, 6.90822

0.0120598, 0.0177854
0.306904, -0.23392
0.674909, -0.266726
0.721017, 0.720905
-0.252399, 1.51158
-5.2115, -0.445631
2.50923, 9.30267
17.1148, 8.49286
29.2837, 6.92588

0.0120656, 0.0178758
0.382853, -0.090054
0.712496, -0.154728
0.64719, 0.788697
-0.331919, 1.49525
-5.20742, -0.488926
2.4781, 9.31142
17.1046, 8.51333
29.2795, 6.94354

0.0120712, 0.0179662
0.394419, 0.0725522
0.731424, -0.0381323
0.566989, 0.848753
-0.410455, 1.47469
-5.20298, -0.532185
2.44695, 9.32007
17.0944, 8.53379
29.2753, 6.9612

0.0120764, 0.0180566
0.339621, 0.225684
0.731203, 0.0799569
0.481222, 0.900477
-0.487779, 1.44995
-5.19817, -0.575406
2.41577, 9.32861
17.0841, 8.55423
29.271, 6.97886

0.0120815, 0.018147
0.228663, 0.343217
0.711857, 0.1964
0.390756, 0.943361
-0.563671, 1.42111
-5.19301, -0.618586
2.38457, 9.33705
17.0738, 8.57466
29.2668, 6.99651

0.0120862, 0.0182375
0.0813655, 0.406207
0.673927, 0.308109
0.296499, 0.976984
-0.637913, 1.38825
-5.18749, -0.661721
2.35333, 9.34538
17.0635, 8.59508
29.2625, 7.01416

0.0120907, 0.018328
-0.0772505, 0.405816
0.618451, 0.412134
0.199397, 1.00102
-0.71029, 1.35145
-5.1816, -0.70481
2.32207, 9.35361
17.0532, 8.61549
29.2582, 7.03181

0.0120948, 0.0184186
-0.221659, 0.343802
0.546932, 0.50574
0.100425, 1.01524
-0.780596, 1.31084
-5.17536, -0.747848
2.29079, 9.36173
17.0428, 8.63588
29.2539, 7.04945

0.0120987, 0.0185092
-0.329719, 0.231192
0.461293, 0.58648
0.000571163, 1.01952
-0.848627, 1.26651
-5.16875, -0.790834
2.25948, 9.36975
17.0324, 8.65626
29.2496, 7.0671

0.0121022, 0.0185998
-0.385392, 0.0859852
0.363824, 0.652263
-0.0991681, 1.01381
-0.914189, 1.2186
-5.16179, -0.833763
2.22814, 9.37767
17.022, 8.67663
29.2453, 7.08474

0.0121054, 0.0186906
-0.380408, -0.0695042
0.257115, 0.7014
-0.1978, 0.998201
-0.977092, 1.16725
-5.15447, -0.876633
2.19678, 9.38547
17.0116, 8.69699
29.241, 7.10238

0.0121083, 0.0187813
-0.31514, -0.211448
0.143986, 0.732646
-0.294343, 0.972844
-1.03715, 1.1126
-5.14678, -0.91944
2.16539, 9.39318
17.0011, 8.71733
29.2366, 7.12001

0.0121109, 0.0188721
-0.198786, -0.317451
0.0274087, 0.745233
-0.387842, 0.938005
-1.09421, 1.05481
-5.13874, -0.962183
2.13398, 9.40077
16.9906, 8.73766
29.2323, 7.13764

0.0121131, 0.0189629
-0.0487214, -0.369694
-0.0895678, 0.738879
-0.477369, 0.89404
-1.14808, 0.994038
-5.13035, -1.00486
2.10255, 9.40827
16.9801, 8.75798
29.2279, 7.15527

0.0121149, 0.0190538
0.111335, -0.358097
-0.203899, 0.713793
-0.562041, 0.841393
-1.19862, 0.930469
-5.12159, -1.04746
2.07109, 9.41565
16.9696, 8.77829
29.2236, 7.1729

0.0121164, 0.0191447
0.254663, -0.282911
-0.312622, 0.670667
-0.641022, 0.780596
-1.24568, 0.864281
-5.11248, -1.08999
2.03961, 9.42293
16.959, 8.79858
29.2192, 7.19053

0.0121175, 0.0192355
0.356268, -0.155766
-0.412927, 0.610652
-0.713534, 0.712256
-1.28913, 0.795664
-5.10302, -1.13244
2.00811, 9.43011
16.9485, 8.81887
29.2148, 7.20815

0.0121182, 0.0193264
0.398075, 0.00178673
-0.502231, 0.535329
-0.778864, 0.637056
-1.32883, 0.724815
-5.0932, -1.17482
1.97658, 9.43718
16.9379, 8.83913
29.2104, 7.22577

0.0121186, 0.0194173
0.372958, 0.16238
-0.578236, 0.446663
-0.836369, 0.555745
-1.36469, 0.651938
-5.08303, -1.21711
1.94503, 9.44414
16.9272, 8.85939
29.206, 7.24338

0.0121186, 0.0195082
0.286125, 0.298523
-0.638987, 0.346957
-0.885484, 0.469132
-1.39658, 0.577242
-5.0725, -1.25931
1.91346, 9.451
16.9166, 8.87963
29.2016, 7.261

0.0121182, 0.0195991
0.153476, 0.388011
-0.682919, 0.238793
-0.925729, 0.378074
-1.42443, 0.500942
-5.06162, -1.30143
1.88187, 9.45775
16.9059, 8.89986
29.1971, 7.27861

0.0121174, 0.01969
-0.00218052, 0.417539
-0.708895, 0.124965
-0.956707, 0.283474
-1.44814, 0.423258
-5.05039, -1.34345
1.85026, 9.46439
16.8952, 8.92008
29.1927, 7.29622

0.0121162, 0.0197808
-0.155571, 0.384011
-0.716236, 0.00841699
-0.978116, 0.186267
-1.46766, 0.344412
-5.0388, -1.38538
1.81863, 9.47093
16.8845, 8.94029
29.1883, 7.31383

0.0121145, 0.0198716
-0.282952, 0.293987
-0.704733, -0.107837
-0.989744, 0.0874167
-1.48292, 0.264633
-5.02687, -1.42721
1.78697, 9.47737
16.8737, 8.96048
29.1838, 7.33143

0.0121125, 0.0199623
-0.365166, 0.162002
-0.674662, -0.220783
-0.991477, -0.0121015
-1.49388, 0.18415
-5.01458, -1.46894
1.7553, 9.48369
16.863, 8.98066
29.1793, 7.34903

0.0121101, 0.0200529
-0.389793, 0.0083367
-0.626774, -0.327483
-0.983297, -0.111303
-1.50051, 0.103194
-5.00195, -1.51057
1.72361, 9.48991
16.8522, 9.00083
29.1748, 7.36663

0.0121072, 0.0201435
-0.352589, -0.143527
-0.562279, -0.425149
-0.965283, -0.209207
-1.50279, 0.0219989
-4.98897, -1.55209
1.69189, 9.49603
16.8413, 9.02098
29.1703, 7.38422

0.012104, 0.0202339
-0.258292, -0.269767
-0.482822, -0.511216
-0.93761, -0.304845
-1.50071, -0.059202
-4.97564, -1.5935
1.66016, 9.50204
16.8305, 9.04112
29.1658, 7.40182

0.0121003, 0.0203242
-0.120617, -0.349485
-0.390443, -0.583406
-0.900548, -0.397269
-1.49428, -0.140175
-4.96197, -1.6348
1.62841, 9.50794
16.8196, 9.06125
29.1613, 7.41941

0.0120963, 0.0204143
0.0389385, -0.368232
-0.287529, -0.639795
-0.854459, -0.485563
-1.48352, -0.220686
-4.94795, -1.67599
1.59665, 9.51373
16.8087, 9.08136
29.1568, 7.43699

0.0120919, 0.0205043
0.193953, -0.321246
-0.176753, -0.678861
-0.799794, -0.568849
-1.46845, -0.300504
-4.93358, -1.71706
1.56486, 9.51942
16.7978, 9.10146
29.1522, 7.45458

0.0120872, 0.0205942
0.317622, -0.215355
-0.0610099, -0.699529
-0.73709, -0.646298
-1.44913, -0.379399
-4.91888, -1.758
1.53306, 9.525
16.7869, 9.12155
29.1477, 7.47216

0.0120821, 0.0206839
0.388179, -0.068449
0.0566602, -0.701208
-0.666961, -0.717139
-1.42561, -0.457144
-4.90383, -1.79883
1.50124, 9.53048
16.7759, 9.14163
29.1431, 7.48974

0.0120767, 0.0207734
0.393604, 0.0938926
0.173152, -0.683807
-0.590097, -0.780661
-1.39796, -0.533515
-4.88843, -1.83952
1.4694, 9.53585
16.7649, 9.16169
29.1386, 7.50732

0.012071, 0.0208628
0.333947, 0.243761
0.285376, -0.647745
-0.507256, -0.836228
-1.36625, -0.608293
-4.8727, -1.88009
1.43755, 9.54111
16.7539, 9.18174
29.134, 7.52489

0.012065, 0.020952
0.220658, 0.35649
0.390348, -0.593941
-0.419256, -0.88328
-1.33057, -0.681262
-4.85663, -1.92053
1.40568, 9.54627
16.7428, 9.20177
29.1294, 7.54246

0.0120586, 0.0210411
0.0735457, 0.414812
0.485266, -0.523795
-0.326967, -0.921338
-1.29104, -0.752212
-4.84022, -1.96083
1.3738, 9.55131
16.7318, 9.2218
29.1248, 7.56003

0.012052, 0.02113
-0.0832799, 0.410929
0.567593, -0.439151
-0.231303, -0.950016
-1.24776, -0.82094
-4.82348, -2.00099
1.3419, 9.55626
16.7207, 9.24181
29.1202, 7.57759

0.0120451, 0.0212187
-0.225353, 0.346724
0.635124, -0.34225
-0.133214, -0.969016
-1.20087, -0.887248
-4.8064, -2.04101
1.30998, 9.56109
16.7096, 9.2618
29.1155, 7.59516

0.0120379, 0.0213073
-0.331123, 0.232742
0.686054, -0.235665
-0.0336773, -0.978138
-1.15049, -0.950946
-4.78898, -2.08089
1.27805, 9.56582
16.6984, 9.28178
29.1109, 7.61272

0.0120304, 0.0213958
-0.384489, 0.0864718
0.719027, -0.122234
0.066316, -0.977281
-1.09677, -1.01185
-4.77123, -2.12063
1.24611, 9.57044
16.6873, 9.30175
29.1063, 7.63027

0.0120227, 0.0214841
-0.37674, -0.0698291
0.733171, -0.00497777
0.165766, -0.966441
-1.03986, -1.06979
-4.75315, -2.16021
1.21415, 9.57495
16.6761, 9.32171
29.1016, 7.64783

0.0120147, 0.0215722
-0.307946, -0.211792
0.728125, 0.112983
0.263678, -0.945717
-0.979936, -1.12459
-4.73474, -2.19965
1.18218, 9.57936
16.6649, 9.34165
29.0969, 7.66538

0.0120064, 0.0216602
-0.187637, -0.316182
0.704045, 0.228513
0.359069, -0.915305
-0.917163, -1.1761
-4.71599, -2.23892
1.1502, 9.58366
16.6537, 9.36158
29.0923, 7.68293

0.0119978, 0.0217481
-0.0342911, -0.364666
0.6616, 0.338554
0.45098, -0.875501
-0.851724, -1.22418
-4.69692, -2.27805
1.1182, 9.58785
16.6424, 9.3815
29.0876, 7.70047

0.011989, 0.0218358
0.126907, -0.347595
0.601947, 0.440204
0.538486, -0.826693
-0.783806, -1.26868
-4.67752, -2.31701
1.08619, 9.59194
16.6311, 9.4014
29.0829, 7.71802

0.01198, 0.0219234
0.268262, -0.266731
0.5267, 0.530794
0.620705, -0.769365
-0.713605, -1.30947
-4.6578, -2.35581
1.05417, 9.59591
16.6198, 9.42129
29.0782, 7.73556

0.0119707, 0.0220109
0.365057, -0.135681
0.437878, 0.607965
0.696806, -0.704085
-0.641324, -1.34645
-4.63775, -2.39444
1.02214, 9.59978
16.6085, 9.44117
29.0734, 7.75309

0.0119612, 0.0220982
0.400792, 0.0226389
0.337852, 0.66972
0.766019, -0.631502
-0.567169, -1.3795
-4.61738, -2.43291
0.990091, 9.60355
16.5971, 9.46103
29.0687, 7.77063

0.0119514, 0.0221854
0.370385, 0.180867
0.229273, 0.71448
0.827644, -0.552341
-0.491355, -1.40853
-4.59669, -2.4712
0.958036, 9.6072
16.5858, 9.48088
29.064, 7.78816

0.0119413, 0.0222726
0.280468, 0.312749
0.115006, 0.741119
0.881055, -0.467396
-0.414098, -1.43347
-4.57567, -2.50933
0.92597, 9.61075
16.5744, 9.50071
29.0592, 7.80569

0.011931, 0.0223596
0.147171, 0.397706
-0.00195301, 0.748987
0.925711, -0.377519
-0.335621, -1.45423
-4.55434, -2.54727
0.893894, 9.6142
16.5629, 9.52053
29.0544, 7.82321

0.0119205, 0.0224465
-0.00742226, 0.423559
-0.11855, 0.737925
0.961159, -0.283611
-0.256149, -1.47076
-4.53269, -2.58504
0.861808, 9.61753
16.5515, 9.54034
29.0497, 7.84074

0.0119096, 0.0225333
-0.159029, 0.387473
-0.231756, 0.708264
0.987038, -0.186619
-0.175909, -1.48301
-4.51072, -2.62263
0.829712, 9.62076
16.54, 9.56013
29.0449, 7.85826

0.0118985, 0.0226201
-0.284517, 0.295626
-0.33864, 0.660811
1.00309, -0.0875188
-0.0951325, -1.49096
-4.48844, -2.66003
0.797608, 9.62388
16.5285, 9.57991
29.0401, 7.87577

0.0118871, 0.0227067
-0.364711, 0.162062
-0.436444, 0.596825
1.00914, 0.012692
-0.0140497, -1.49457
-4.46585, -2.69725
0.765494, 9.62689
16.517, 9.59968
29.0353, 7.89329

0.0118753, 0.0227932
-0.386743, 0.00697518
-0.522648, 0.517985
1.00514, 0.113004
0.0671069, -1.49384
-4.44294, -2.73427
0.733372, 9.62979
16.5055, 9.61943
29.0305, 7.9108

0.0118633, 0.0228796
-0.345989, -0.14562
-0.595036, 0.426344
0.991132, 0.212406
0.148105, -1.48877
-4.41973, -2.77111
0.701242, 9.63259
16.4939, 9.63917
29.0256, 7.92831

0.011851, 0.0229659
-0.247407, -0.270987
-0.651744, 0.32428
0.967253, 0.309898
0.228713, -1.47938
-4.3962, -2.80775
0.669104, 9.63528
16.4823, 9.65889
29.0208, 7.94581

0.0118383, 0.0230521
-0.105768, -0.347533
-0.69131, 0.214431
0.933749, 0.4045
0.308701, -1.46569
-4.37237, -2.84419
0.636959, 9.63786
16.4707, 9.6786
29.016, 7.96332

0.0118254, 0.023138
0.0558806, -0.361027
-0.712706, 0.099637
0.890963, 0.495261
0.387839, -1.44775
-4.34824, -2.88044
0.604807, 9.64033
16.459, 9.6983
29.0111, 7.98082

0.0118121, 0.0232239
0.20991, -0.308076
-0.715368, -0.0171355
0.839328, 0.581271
0.465903, -1.4256
-4.3238, -2.91648
0.572648, 9.6427
16.4474, 9.71798
29.0062, 7.99831

0.0117985, 0.0233096
0.329496, -0.197524
-0.699205, -0.132864
0.779371, 0.661668
0.542669, -1.39932
-4.29906, -2.95232
0.540483, 9.64496
16.4357, 9.73765
29.0013, 8.01581

0.0117847, 0.0233951
0.394231, -0.0488455
-0.664611, -0.244543
0.7117, 0.735649
0.617918, -1.36897
-4.27402, -2.98795
0.508312, 9.64711
16.424, 9.75731
28.9964, 8.0333

0.0117705, 0.0234804
0.3941, 0.112086
-0.612453, -0.349265
0.637, 0.802478
0.691437, -1.33464
-4.24868, -3.02337
0.476135, 9.64916
16.4123, 9.77695
28.9915, 8.05078

0.0117561, 0.0235656
0.33072, 0.25836
-0.544053, -0.444289
0.556025, 0.86149
0.763014, -1.29644
-4.22305, -3.05858
0.443954, 9.65109
16.4005, 9.79657
28.9866, 8.06827

0.0117414, 0.0236506
0.216001, 0.366842
-0.461158, -0.527111
0.469595, 0.912101
0.832447, -1.25447
-4.19712, -3.09357
0.411767, 9.65292
16.3887, 9.81619
28.9817, 8.08575

0.0117264, 0.0237354
0.0692174, 0.421449
-0.365902, -0.595537
0.378579, 0.953815
0.899538, -1.20885
-4.1709, -3.12835
0.379576, 9.65464
16.3769, 9.83579
28.9768, 8.10323

0.0117111, 0.02382
-0.0864265, 0.414766
-0.26075, -0.647734
0.283891, 0.986222
0.964095, -1.15972
-4.14439, -3.16291
0.347381, 9.65626
16.3651, 9.85537
28.9718, 8.12071

0.0116955, 0.0239045
-0.227085, 0.348386
-0.14844, -0.682289
0.186484, 1.00901
1.02594, -1.10721
-4.11758, -3.19724
0.315182, 9.65776
16.3532, 9.87494
28.9669, 8.13818

0.0116796, 0.0239888
-0.331226, 0.232381
-0.0319134, -0.698245
0.0873303, 1.02196
1.08488, -1.05148
-4.09049, -3.23136
0.282979, 9.65916
16.3414, 9.8945
28.9619, 8.15565

0.0116635, 0.0240728
-0.382292, 0.0841212
0.0857638, -0.695134
-0.0125779, 1.02496
1.14077, -0.992675
-4.06312, -3.26524
0.250774, 9.66045
16.3295, 9.91404
28.9569, 8.17312

0.0116471, 0.0241567
-0.371108, -0.0736275
0.20148, -0.672994
-0.112245, 1.01798
1.19344, -0.930976
-4.03546, -3.2989
0.218566, 9.66163
16.3176, 9.93357
28.9519, 8.19058

0.0116304, 0.0242404
-0.297842, -0.215516
0.312163, -0.632373
-0.210678, 1.00111
1.24274, -0.866554
-4.00752, -3.33232
0.186355, 9.66271
16.3056, 9.95308
28.9469, 8.20804

0.0116134, 0.0243238
-0.172995, -0.317443
0.414865, -0.574315
-0.306901, 0.974521
1.28853, -0.799594
-3.97929, -3.36551
0.154143, 9.66368
16.2936, 9.97258
28.9419, 8.2255

0.0115963, 0.024407
-0.0166497, -0.361058
0.506843, -0.500337
-0.39996, 0.938494
1.33068, -0.730286
-3.9508, -3.39847
0.121929, 9.66454
16.2816, 9.99206
28.9369, 8.24296

0.0115788, 0.0244901
0.144588, -0.337909
0.585638, -0.41239
-0.488933, 0.893393
1.36908, -0.658828
-3.92202, -3.43118
0.0897136, 9.66529
16.2696, 10.0115
28.9319, 8.26041

0.0115612, 0.0245729
0.282704, -0.251766
0.64914, -0.312807
-0.572943, 0.839674
1.4036, -0.585423
-3.89297, -3.46366
0.0574974, 9.66594
16.2576, 10.031
28.9268, 8.27786

0.0115433, 0.0246555
0.374093, -0.118001
0.695656, -0.204235
-0.65116, 0.777877
1.43416, -0.510281
-3.86365, -3.49589
0.0252808, 9.66647
16.2455, 10.0504
28.9218, 8.2953

0.0115252, 0.0247379
0.404178, 0.0398868
0.723948, -0.0895657
-0.722815, 0.708621
1.46067, -0.433616
-3.83406, -3.52788
-0.00693608, 9.6669
16.2334, 10.0699
28.9167, 8.31275

0.0115068, 0.0248201
0.369547, 0.195277
0.733275, 0.0281461
-0.787202, 0.632596
1.48305, -0.355645
-3.8042, -3.55962
-0.0391527, 9.66722
16.2213, 10.0893
28.9117, 8.33019

0.0114883, 0.0249021
0.277496, 0.323331
0.723406, 0.145769
-0.84369, 0.550559
1.50124, -0.27659
-3.77407, -3.59111
-0.0713688, 9.66744
16.2092, 10.1087
28.9066, 8.34762

0.0114695, 0.0249839
0.143812, 0.404677
0.694629, 0.260182
-0.891723, 0.463326
1.51519, -0.196677
-3.74368, -3.62235
-0.103584, 9.66755
16.1971, 10.1281
28.9015, 8.36506

0.0114505, 0.0250656
-0.010229, 0.427618
0.64774, 0.368359
-0.93083, 0.37176
1.52485, -0.116133
-3.71303, -3.65333
-0.135798, 9.66755
16.1849, 10.1474
28.8964, 8.38249

0.0114313, 0.0251471
-0.160961, 0.389117
0.584013, 0.467452
-0.960628, 0.276768
1.53021, -0.0351872
-3.68212, -3.68406
-0.16801, 9.66744
16.1727, 10.1668
28.8913, 8.39992

0.0114118, 0.0252284
-0.285302, 0.294895
0.505169, 0.554867
-0.980824, 0.179291
1.53124, 0.0459306
-3.65095, -3.71453
-0.20022, 9.66722
16.1604, 10.1861
28.8861, 8.41734

0.0113921, 0.0253096
-0.36361, 0.158836
0.413319, 0.628331
-0.99122, 0.0802911
1.52794, 0.126989
-3.61953, -3.74474
-0.232428, 9.6669
16.1482, 10.2054
28.881, 8.43476

0.0113722, 0.0253906
-0.382465, 0.00160666
0.310908, 0.685951
-0.991712, -0.0192517
1.52032, 0.207758
-3.58785, -3.77468
-0.264634, 9.66647
16.1359, 10.2248
28.8758, 8.45218

0.0113519, 0.0254714
-0.3372, -0.15175
0.200647, 0.726258
-0.982296, -0.118354
1.50841, 0.288008
-3.55593, -3.80436
-0.296836, 9.66593
16.1236, 10.2441
28.8707, 8.4696

0.0113315, 0.025552
-0.233635, -0.275464
0.0854368, 0.748244
-0.963062, -0.216035
1.49223, 0.36751
-3.52375, -3.83377
-0.329035, 9.66528
16.1113, 10.2633
28.8655, 8.48701

0.0113107, 0.0256324
-0.0881636, -0.347683
-0.0317064, 0.751381
-0.934197, -0.311329
1.47183, 0.446037
-3.49133, -3.86292
-0.361229, 9.66453
16.099, 10.2826
28.8603, 8.50442

0.0112897, 0.0257126
0.0745579, -0.355164
-0.14773, 0.735632
-0.895983, -0.403292
1.44727, 0.523367
-3.45866, -3.89179
-0.39342, 9.66367
16.0866, 10.3019
28.8551, 8.52182

0.0112684, 0.0257927
0.226287, -0.29647
-0.259625, 0.701446
-0.848794, -0.49101
1.41862, 0.599279
-3.42575, -3.92039
-0.425607, 9.6627
16.0742, 10.3211
28.8499, 8.53923

0.0112469, 0.0258725
0.341035, -0.182351
-0.364496, 0.649743
-0.793091, -0.573613
1.38596, 0.673557
-3.3926, -3.94871
-0.457788, 9.66162
16.0618, 10.3403
28.8447, 8.55663

0.0112251, 0.025952
0.400197, -0.0331363
-0.459641, 0.581889
-0.729421, -0.650278
1.34939, 0.74599
-3.35921, -3.97676
-0.489964, 9.66044
16.0494, 10.3595
28.8395, 8.57402

0.011203, 0.0260314
0.395488, 0.125781
-0.542609, 0.499658
-0.65841, -0.72024
1.309, 0.81637
-3.32559, -4.00452
-0.522135, 9.65915
16.0369, 10.3787
28.8343, 8.59142

0.0111807, 0.0261105
0.329372, 0.268758
-0.611266, 0.405188
-0.580755, -0.782799
1.26491, 0.884498
-3.29174, -4.03201
-0.5543, 9.65775
16.0244, 10.3979
28.829, 8.60881

0.0111581, 0.0261894
0.213597, 0.373866
-0.663843, 0.300924
-0.497223, -0.837326
1.21724, 0.950178
-3.25765, -4.05921
-0.586458, 9.65625
16.0119, 10.417
28.8238, 8.62619

0.0111352, 0.0262681
0.0667333, 0.425583
-0.69898, 0.189562
-0.408639, -0.883271
1.16614, 1.01322
-3.22334, -4.08613
-0.61861, 9.65464
15.9994, 10.4362
28.8185, 8.64358

0.011112, 0.0263465
-0.0886144, 0.416365
-0.715762, 0.0739787
-0.31588, -0.920168
1.11175, 1.07345
-3.1888, -4.11276
-0.650755, 9.65292
15.9869, 10.4553
28.8132, 8.66096

0.0110886, 0.0264247
-0.228676, 0.347365
-0.713738, -0.0428374
-0.219864, -0.947641
1.05421, 1.1307
-3.15403, -4.1391
-0.682892, 9.65109
15.9743, 10.4744
28.808, 8.67834

0.0110649, 0.0265026
-0.331446, 0.228447
-0.692939, -0.15786
-0.121547, -0.965404
0.993697, 1.18479
-3.11905, -4.16515
-0.715022, 9.64916
15.9617, 10.4935
28.8027, 8.69571

0.011041, 0.0265802
-0.379729, 0.0774023
-0.653873, -0.268099
-0.0219066, -0.97327
0.930381, 1.23558
-3.08385, -4.1909
-0.747144, 9.64712
15.9491, 10.5126
28.7974, 8.71308

0.0110168, 0.0266575
-0.364152, -0.0819477
-0.597524, -0.370678
0.0780622, -0.97115
0.864441, 1.28292
-3.04843, -4.21637
-0.779257, 9.64497
15.9364, 10.5317
28.792, 8.73045

0.0109923, 0.0267345
-0.285606, -0.22307
-0.525322, -0.462908
0.17736, -0.959053
0.796065, 1.32667
-3.01279, -4.24153
-0.811361, 9.64271
15.9238, 10.5508
28.7867, 8.74781

0.0109676, 0.0268112
-0.156197, -0.321353
-0.439118, -0.542353
0.274993, -0.937091
0.725446, 1.36671
-2.97695, -4.2664
-0.843456, 9.64035
15.9111, 10.5698
28.7814, 8.76518

0.0109427, 0.0268875
0.00222955, -0.359201
-0.341132, -0.606901
0.369981, -0.905473
0.652787, 1.40292
-2.9409, -4.29097
-0.875542, 9.63788
15.8984, 10.5888
28.776, 8.78253

0.0109176, 0.0269635
0.162168, -0.330014
-0.233909, -0.654818
0.461368, -0.864507
0.578294, 1.4352
-2.90464, -4.31523
-0.907618, 9.63531
15.8856, 10.6078
28.7707, 8.79989

0.0108922, 0.0270392
0.296152, -0.239571
-0.120246, -0.684802
0.548234, -0.814594
0.50218, 1.46346
-2.86818, -4.3392
-0.939684, 9.63262
15.8729, 10.6268
28.7653, 8.81724

0.0108667, 0.0271146
0.382214, -0.10434
-0.00312459, -0.696014
0.629703, -0.756229
0.424662, 1.48761
-2.83151, -4.36285
-0.971739, 9.62983
15.8601, 10.6458
28.7599, 8.83459

0.0108411, 0.0271896
0.407528, 0.0523957
0.114366, -0.688115
0.704951, -0.689989
0.34596, 1.50759
-2.79465, -4.3862
-1.00378, 9.62694
15.8473, 10.6648
28.7545, 8.85194

0.0108152, 0.0272643
0.369677, 0.205117
0.229115, -0.661269
0.773218, -0.616537
0.2663, 1.52333
-2.75759, -4.40924
-1.03582, 9.62393
15.8345, 10.6837
28.7491, 8.86928

0.0107893, 0.0273386
0.27597, 0.330156
0.338071, -0.616153
0.833811, -0.536605
0.185909, 1.53479
-2.72034, -4.43197
-1.06784, 9.62082
15.8216, 10.7027
28.7437, 8.88662

0.0107632, 0.0274126
0.141601, 0.408762
0.438328, -0.553936
0.886116, -0.450995
0.105017, 1.54194
-2.68289, -4.45439
-1.09985, 9.61761
15.8088, 10.7216
28.7383, 8.90395

