1.57001, 0.616442

1.57, -0.364176

1.5698, -1.34055

1.56373, -2.23173

1.52049, -2.83787

1.38028, -3.01247

1.08692, -2.62156

0.61225, -1.63216

-0.00493673, -1.33966

-0.555025, -2.61279

-0.914422, -3.62852

-1.07915, -3.94573

-1.12133, -3.43171

-1.15995, -2.33801

-1.22946, -1.24434

-1.30942, -0.252685

-1.38602, 0.712151

-1.46231, 1.71707

-1.53966, 2.6328

-1.57414, 3.16087

-1.48775, 3.27702

-1.2227, 2.84894

-0.752373, 1.57686

-0.0792915, 0.322208

0.59036, 1.75455

1.05002, 3.17621

1.28844, 3.77288

1.32745, 3.79923

1.25678, 3.09263

1.19508, 1.95776

1.15596, 0.943767

1.11193, 0.036513

1.05101, -0.875625

0.984464, -1.89492

0.948297, -3.11647

0.98391, -4.34633

1.00775, -4.46187

0.834902, -3.70606

0.4235, -2.2261

-0.199021, -0.499226

-0.871793, -1.12606

-1.36555, -2.21764

-1.68156, -2.53259

-1.85212, -2.28007

-1.92059, -1.69412

-1.93155, -0.905497

-1.91662, -0.0130342

-1.88702, 0.879116

-1.8327, 1.6616

-1.72374, 2.21615

-1.51727, 2.39956

-1.17138, 2.03312

-0.661593, 1.22697

-0.0501097, 1.56924

0.450567, 3.05128

0.752171, 4.09836

0.863598, 4.33088

0.909466, 3.45733

1.01016, 2.19791

1.15869, 1.0356

1.32458, -0.0313563

1.49608, -1.06378

1.66825, -1.98273

1.80625, -2.60623

1.85028, -3.01915

1.74603, -3.21187

1.45274, -2.82972

0.95628, -1.4003

0.235871, 0.939907

-0.583168, -0.523281

-1.16564, -2.57992

-1.53096, -3.44343

-1.67825, -3.54837

-1.63314, -3.39101

-1.45796, -2.86937

-1.26151, -1.7621

-1.08595, -0.662412

-0.910413, 0.380114

-0.73017, 1.48509

-0.573122, 2.71145

-0.5048, 4.16351

-0.606565, 5.69783

-0.705658, 5.08

-0.521376, 3.75958

-0.0826692, 1.79909

0.558512, -0.515594

1.26231, -0.0924142

1.79186, 0.885636

2.18888, 1.13881

2.49287, 0.892403

2.72839, 0.345943

2.91027, -0.376377

3.03834, -1.23173

3.09156, -2.22811

3.02908, -3.30598

2.81324, -4.17023

2.44508, -4.43739

1.96125, -3.93112

1.41675, -2.55422

0.883127, -0.517632

0.381343, 1.62436

-0.19317, 4.43006

-1.01088, 4.90827

-1.50579, 3.27157

-1.77519, 2.95926

-1.87302, 3.01304

-1.82385, 2.85794

-1.6819, 2.27418

-1.49861, 1.40547

-1.30295, 0.390716

-1.10885, -0.684114

-0.910101, -1.71978

-0.669113, -2.76246

-0.305934, -4.37952

0.338526, -6.75437

0.880777, -4.18278

1.11238, -3.35445

1.15683, -2.924

1.0699, -2.32402

0.91244, -1.42452

0.736451, -0.339097

0.566705, 0.77878

0.39362, 1.85996

0.171881, 3.05776

-0.200747, 5.15305

-0.794008, 5.33313

-1.08766, 4.03583

-1.11331, 3.57702

-0.935856, 2.9374

-0.628739, 1.75352

-0.267359, 0.19752

0.126692, -1.56273

0.625989, -3.94661

1.23181, -3.83785

1.59666, -3.03699

1.75925, -3.00687

1.73443, -3.15109

1.53022, -2.93665

1.19522, -2.03983

0.798876, -0.575174

0.373367, 1.17811

-0.141016, 3.57113

-0.860105, 4.42708

-1.35264, 2.81303

-1.63796, 2.32083

-1.77727, 2.21941

-1.78538, 2.12373

-1.68507, 1.78173

-1.51062, 1.13758

-1.29301, 0.25809

-1.04792, -0.754819

-0.763768, -1.87517

-0.384465, -3.45418

0.230878, -5.93863

0.821122, -3.61942

1.13474, -2.55549

1.29853, -1.99931

1.3573, -1.48867

1.34222, -0.86013

1.27849, -0.114984

1.17784, 0.678665

1.03403, 1.476

0.820894, 2.3592

0.479804, 3.77745

-0.115597, 5.86451

-0.660643, 3.52516

-0.948668, 2.40247

-1.10275, 1.70513

-1.17091, 1.04401

-1.18178, 0.319763

-1.15081, -0.442477

-1.07694, -1.19065

-0.941932, -1.93789

-0.708909, -2.88818

-0.293322, -4.80588

0.354875, -4.56902

0.741122, -2.82223

0.948201, -1.94638

1.05234, -1.25046

1.08863, -0.537225

1.0767, 0.215113

1.0205, 0.968951

0.90687, 1.72183

0.704447, 2.62077

0.34362, 4.25311

-0.259841, 4.90218

-0.675776, 3.00492

-0.890568, 2.07358

-0.990037, 1.3833

-1.01244, 0.687369

-0.980259, -0.063292

-0.901221, -0.84691

-0.765102, -1.6714

-0.538905, -2.70945

-0.140437, -4.60419

0.447148, -4.30033

0.791581, -2.79485

0.956228, -2.02858

1.0064, -1.40251

0.976514, -0.714488

0.890066, 0.0703651

0.755636, 0.930497

0.559799, 1.9093

0.253402, 3.33505

-0.262804, 5.05646

-0.731732, 3.37317

-0.965556, 2.43734

-1.05062, 1.85965

-1.02844, 1.26778

-0.929382, 0.53613

-0.77497, -0.334867

-0.567228, -1.33993

-0.274422, -2.66824

0.196451, -4.72282

0.727085, -3.58376

1.01517, -2.52498

1.13956, -1.97881

1.14349, -1.48895

1.05553, -0.864263

0.900531, -0.0628473

0.689924, 0.898913

0.406613, 2.11766

-0.0240183, 4.09298

-0.610691, 3.86379

-0.971647, 2.52534

-1.15806, 1.88811

-1.22286, 1.42686

-1.19142, 0.914481

-1.0844, 0.264559

-0.915287, -0.531838

-0.679987, -1.50822

-0.338525, -2.94497

0.204699, -4.69803

0.714223, -2.9836

1.00386, -1.95036

1.16204, -1.33754

1.22423, -0.820781

1.20797, -0.276579

1.12336, 0.337614

0.970985, 1.04914

0.734846, 1.96653

0.36044, 3.51828

-0.224513, 4.27073

-0.667353, 2.46341

-0.928828, 1.47021

-1.0852, 0.778441

-1.16314, 0.18326

-1.17092, -0.379943

-1.10662, -0.948175

-0.958886, -1.60048

-0.699368, -2.56555

-0.252902, -4.32093

0.31443, -3.31185

0.669578, -1.81264

0.894803, -0.881941

1.03963, -0.147143

1.11677, 0.483377

1.12212, 1.04043

1.04199, 1.59173

0.853063, 2.31933

0.502639, 3.68281

-0.0494897, 3.95048

-0.455873, 2.16569

-0.707155, 1.0664

-0.872085, 0.226012

-0.970775, -0.491433

-1.0003, -1.11727

-0.944775, -1.71266

-0.777389, -2.46403

-0.442995, -3.82803

0.0806716, -3.89811

0.448899, -2.23342

0.665138, -1.19795

0.793981, -0.381382

0.857389, 0.353517

0.855725, 1.0427

0.774238, 1.74771

0.581369, 2.6754

0.209267, 4.24655

-0.290367, 3.58673

-0.592117, 2.20255

-0.75028, 1.33727

-0.817837, 0.607109

-0.817075, -0.11113

-0.753408, -0.855452

-0.615606, -1.6908

-0.367271, -2.86048

0.0671645, -4.43802

0.523247, -3.18813

0.772098, -2.1035

0.883844, -1.40088

0.899571, -0.757529

0.840716, -0.0596382

0.71593, 0.732391

0.515398, 1.69686

0.194308, 3.14181

-0.307412, 4.09427

-0.708415, 2.65343

-0.922092, 1.8023

-1.01178, 1.2157

-1.0067, 0.64808

-0.923349, -0.000810286

-0.768027, -0.779633

-0.528243, -1.79582

-0.150622, -3.40083

0.3883, -3.5982

0.763894, -2.18169

0.976771, -1.38334

1.08119, -0.813855

1.09816, -0.289077

1.0367, 0.276502

0.897096, 0.947642

0.664322, 1.8572

0.286477, 3.36823

-0.259188, 3.50317

-0.649135, 1.96797

-0.885665, 1.04898

-1.02442, 0.384166

-1.08283, -0.177855

-1.06265, -0.708629

-0.956563, -1.2909

-0.744865, -2.09737

-0.37554, -3.49449

0.151741, -3.3394

0.522798, -1.78821

0.754295, -0.797687

0.897921, -0.0427984

0.966663, 0.593428

0.955561, 1.17149

0.848876, 1.8014

0.614982, 2.74468

0.194211, 4.02833

-0.262386, 2.75225

-0.542614, 1.48423

-0.711387, 0.596821

-0.803411, -0.149897

-0.825085, -0.831263

-0.766481, -1.51221

-0.60237, -2.35981

-0.27843, -3.72533

0.193766, -3.56562

0.508175, -2.1602

0.676168, -1.25247

0.750513, -0.509631

0.752343, 0.204237

0.68494, 0.946856

0.534382, 1.81532

0.258773, 3.09206

-0.19105, 3.97651

-0.563883, 2.62687

-0.759264, 1.71287

-0.836244, 1.03824

-0.824728, 0.383907

-0.738581, -0.337184

-0.576974, -1.19242

-0.3141, -2.36893

0.111891, -3.84037

0.562873, -2.84473

0.827003, -1.82406

0.957547, -1.17877

0.988534, -0.624886

0.935557, -0.0336497

0.804161, 0.667861

0.584638, 1.58855

0.233759, 3.01651

-0.277703, 3.4464

-0.663797, 2.03913

-0.891146, 1.17145

-1.01254, 0.559277

-1.0472, 0.0285054

-1.00011, -0.511108

-0.866968, -1.14904

-0.627908, -2.06221

-0.228495, -3.49883

0.277956, -2.88718

0.616045, -1.52647

0.825434, -0.647646

0.946015, 0.0246577

0.986744, 0.598976

0.942505, 1.15378

0.797882, 1.8241

0.517116, 2.89827

0.0583845, 3.65327

-0.345498, 2.16818

-0.593075, 1.05694

-0.742495, 0.23403

-0.815151, -0.465056

-0.809894, -1.11205

-0.711401, -1.81306

-0.485969, -2.81947

-0.0829716, -3.88913

0.31798, -2.6391

0.551141, -1.51847

0.673257, -0.700881

0.715637, 0.0262286

0.686329, 0.745671

0.57656, 1.53985

0.355672, 2.61695

-0.0318748, 3.88492

-0.437946, 2.87052

-0.66678, 1.82664

-0.768373, 1.09739

-0.777676, 0.430123

-0.709986, -0.281301

-0.56558, -1.11047

-0.321826, -2.22643

0.0769421, -3.64707

0.517815, -2.83928

0.781393, -1.81009

0.910753, -1.14855

0.939976, -0.58211

0.884277, 0.0200712

0.747964, 0.738217

0.51871, 1.69944

0.149692, 3.15295

-0.348, 3.08477

-0.695233, 1.80046

-0.897774, 1.00518

-0.999014, 0.419595

-1.01397, -0.105427

-0.945293, -0.660196

-0.785487, -1.35256

-0.506957, -2.40833

-0.0577451, -3.55466

0.390318, -2.28184

0.672864, -1.1408

0.845299, -0.355537

0.932855, 0.272665

0.938017, 0.834343

0.851519, 1.42888

0.650767, 2.25027

0.287333, 3.485

-0.171476, 2.82525

-0.476524, 1.50128

-0.660594, 0.585688

-0.760745, -0.156859

-0.784365, -0.824504

-0.722185, -1.50159

-0.549212, -2.36932

-0.215414, -3.62751

0.216026, -3.07939

0.491074, -1.82618

0.637002, -0.959263

0.694812, -0.222985

0.678749, 0.493902

0.585627, 1.2673

0.392402, 2.25862

0.0467168, 3.62043

-0.380149, 3.09206

-0.640976, 1.97062

-0.763778, 1.21931

-0.787887, 0.564579

-0.73107, -0.122458

-0.596662, -0.91885

-0.367503, -1.96819

0.00725616, -3.40738

0.461765, -2.92493

0.74992, -1.83254

0.899299, -1.14221

0.946416, -0.580383

0.90671, -0.00526004

0.784625, 0.670284

0.569909, 1.56723

0.221397, 2.9316

-0.269177, 3.134

-0.632781, 1.81402

-0.849063, 0.965014

-0.963326, 0.349924

-0.991054, -0.184097

-0.933949, -0.73031

-0.783476, -1.40263

-0.511939, -2.42703

-0.0726571, -3.46081

0.359122, -2.19986

0.631744, -1.0716

0.797018, -0.276887

0.878237, 0.368357

0.876371, 0.953696

0.779918, 1.58854

0.56181, 2.49219

0.176015, 3.57327

-0.241122, 2.51442

-0.501898, 1.3305

-0.652481, 0.475638

-0.722027, -0.250121

-0.714693, -0.935317

-0.61839, -1.67979

-0.401399, -2.70497

-0.019031, -3.71529

0.357468, -2.60246

0.571312, -1.55814

0.67081, -0.784004

0.685911, -0.0754475

0.625874, 0.659723

0.482827, 1.51712

0.223647, 2.7112

-0.188665, 3.56089

-0.545454, 2.43102

-0.738337, 1.55361

-0.813756, 0.901298

