0.0333333 -1.40636e+10
0.0666667 -1.40704e+10
0.1 -1.40724e+10
0.133333 -1.4073e+10
0.166667 -1.40731e+10
0.2 -1.40731e+10
0.233333 -1.4073e+10
0.266667 -1.40729e+10
0.3 -1.40728e+10
0.333333 -1.40727e+10
0.366667 -1.40726e+10
0.4 -1.40725e+10
0.433333 -1.40724e+10
0.466667 -1.40723e+10
0.5 -1.40722e+10
0.533333 -1.40722e+10
0.566667 -1.40721e+10
0.6 -1.40721e+10
0.633333 -1.4072e+10
0.666667 -1.4072e+10
0.7 -1.40719e+10
0.733333 -1.40719e+10
0.766667 -1.40718e+10
0.8 -1.40718e+10
0.833333 -1.40718e+10
0.866667 -1.40717e+10
0.9 -1.40717e+10
0.933333 -1.40717e+10
0.966667 -1.40716e+10
1 -1.40716e+10
1.03333 -1.40716e+10
1.06667 -1.40716e+10
1.1 -1.40715e+10
1.13333 -1.40715e+10
1.16667 -1.40715e+10
1.2 -1.40715e+10
1.23333 -1.40715e+10
1.26667 -1.40714e+10
1.3 -1.40714e+10
1.33333 -1.40714e+10
1.36667 -1.40714e+10
1.4 -1.40714e+10
1.43333 -1.40714e+10
1.46667 -1.40713e+10
1.5 -1.40713e+10
1.53333 -1.40713e+10
1.56667 -1.40713e+10
1.6 -1.40713e+10
1.63333 -1.40713e+10
1.66667 -1.40713e+10
1.7 -1.40712e+10
1.73333 -1.40712e+10
1.76667 -1.40712e+10
1.8 -1.40712e+10
1.83333 -1.40712e+10
1.86667 -1.40712e+10
1.9 -1.40712e+10
1.93333 -1.40712e+10
1.96667 -1.40712e+10
2 -1.40712e+10
2.03333 -1.40711e+10
2.06667 -1.40711e+10
2.1 -1.40711e+10
2.13333 -1.40711e+10
2.16667 -1.40711e+10
2.2 -1.40711e+10
2.23333 -1.40711e+10
2.26667 -1.40711e+10
2.3 -1.40711e+10
2.33333 -1.40711e+10
2.36667 -1.40711e+10
2.4 -1.40711e+10
2.43333 -1.40711e+10
2.46667 -1.4071e+10
2.5 -1.4071e+10
2.53333 -1.4071e+10
2.56667 -1.4071e+10
2.6 -1.4071e+10
2.63333 -1.4071e+10
2.66667 -1.4071e+10
2.7 -1.4071e+10
2.73333 -1.4071e+10
2.76667 -1.4071e+10
2.8 -1.4071e+10
2.83333 -1.4071e+10
2.86667 -1.4071e+10
2.9 -1.4071e+10
2.93333 -1.4071e+10
2.96667 -1.4071e+10
3 -1.4071e+10
3.03333 -1.4071e+10
3.06667 -1.40709e+10
3.1 -1.40709e+10
3.13333 -1.40709e+10
3.16667 -1.40709e+10
3.2 -1.40709e+10
3.23333 -1.40709e+10
3.26667 -1.40709e+10
3.3 -1.40709e+10
3.33333 -1.40709e+10
3.36667 -1.40709e+10
3.4 -1.40709e+10
3.43333 -1.40709e+10
3.46667 -1.40709e+10
3.5 -1.40709e+10
3.53333 -1.40709e+10
3.56667 -1.40709e+10
3.6 -1.40709e+10
3.63333 -1.40709e+10
3.66667 -1.40709e+10
3.7 -1.40709e+10
3.73333 -1.40709e+10
3.76667 -1.40709e+10
3.8 -1.40709e+10
3.83333 -1.40709e+10
3.86667 -1.40709e+10
3.9 -1.40709e+10
3.93333 -1.40709e+10
3.96667 -1.40709e+10
4 -1.40708e+10
4.03333 -1.40708e+10
4.06667 -1.40708e+10
4.1 -1.40708e+10
4.13333 -1.40708e+10
4.16667 -1.40708e+10
4.2 -1.40708e+10
4.23333 -1.40708e+10
4.26667 -1.40708e+10
4.3 -1.40708e+10
4.33333 -1.40708e+10
4.36667 -1.40708e+10
4.4 -1.40708e+10
4.43333 -1.40708e+10
4.46667 -1.40708e+10
4.5 -1.40708e+10
4.53333 -1.40708e+10
4.56667 -1.40708e+10
4.6 -1.40708e+10
4.63333 -1.40708e+10
4.66667 -1.40708e+10
4.7 -1.40708e+10
4.73333 -1.40708e+10
4.76667 -1.40708e+10
4.8 -1.40708e+10
4.83333 -1.40708e+10
4.86667 -1.40708e+10
4.9 -1.40708e+10
4.93333 -1.40708e+10
4.96667 -1.40708e+10
5 -1.40708e+10
5.03333 -1.40708e+10
5.06667 -1.40708e+10
5.1 -1.40708e+10
5.13333 -1.40708e+10
5.16667 -1.40708e+10
5.2 -1.40708e+10
5.23333 -1.40708e+10
5.26667 -1.40708e+10
5.3 -1.40708e+10
5.33333 -1.40708e+10
5.36667 -1.40708e+10
5.4 -1.40708e+10
5.43333 -1.40708e+10
5.46667 -1.40707e+10
5.5 -1.40707e+10
5.53333 -1.40707e+10
5.56667 -1.40707e+10
5.6 -1.40707e+10
5.63333 -1.40707e+10
5.66667 -1.40707e+10
5.7 -1.40707e+10
5.73333 -1.40707e+10
5.76667 -1.40707e+10
5.8 -1.40707e+10
5.83333 -1.40707e+10
5.86667 -1.40707e+10
5.9 -1.40707e+10
5.93333 -1.40707e+10
5.96667 -1.40707e+10
6 -1.40707e+10
6.03333 -1.40707e+10
6.06667 -1.40707e+10
6.1 -1.40707e+10
6.13333 -1.40707e+10
6.16667 -1.40707e+10
6.2 -1.40707e+10
6.23333 -1.40707e+10
6.26667 -1.40707e+10
6.3 -1.40707e+10
6.33333 -1.40707e+10
6.36667 -1.40707e+10
6.4 -1.40707e+10
6.43333 -1.40707e+10
6.46667 -1.40707e+10
6.5 -1.40707e+10
6.53333 -1.40707e+10
6.56667 -1.40707e+10
6.6 -1.40707e+10
6.63333 -1.40707e+10
6.66667 -1.40707e+10
6.7 -1.40707e+10
6.73333 -1.40707e+10
6.76667 -1.40707e+10
6.8 -1.40707e+10
6.83333 -1.40707e+10
6.86667 -1.40707e+10
6.9 -1.40707e+10
6.93333 -1.40707e+10
6.96667 -1.40707e+10
7 -1.40707e+10
7.03333 -1.40707e+10
7.06667 -1.40707e+10
7.1 -1.40707e+10
7.13333 -1.40707e+10
7.16667 -1.40707e+10
7.2 -1.40707e+10
7.23333 -1.40707e+10
7.26667 -1.40707e+10
7.3 -1.40707e+10
7.33333 -1.40707e+10
7.36667 -1.40707e+10
7.4 -1.40707e+10
7.43333 -1.40707e+10
7.46667 -1.40707e+10
7.5 -1.40707e+10
7.53333 -1.40707e+10
7.56667 -1.40707e+10
7.6 -1.40707e+10
7.63333 -1.40707e+10
7.66667 -1.40707e+10
7.7 -1.40707e+10
7.73333 -1.40707e+10
7.76667 -1.40707e+10
7.8 -1.40707e+10
7.83333 -1.40707e+10
7.86667 -1.40707e+10
7.9 -1.40707e+10
7.93333 -1.40707e+10
7.96667 -1.40707e+10
8 -1.40707e+10
8.03333 -1.40707e+10
8.06667 -1.40707e+10
8.1 -1.40706e+10
8.13333 -1.40706e+10
8.16667 -1.40706e+10
8.2 -1.40706e+10
8.23333 -1.40706e+10
8.26667 -1.40706e+10
8.3 -1.40706e+10
8.33333 -1.40706e+10
8.36667 -1.40706e+10
8.4 -1.40706e+10
8.43333 -1.40706e+10
8.46667 -1.40706e+10
8.5 -1.40706e+10
8.53333 -1.40706e+10
8.56667 -1.40706e+10
8.6 -1.40706e+10
8.63333 -1.40706e+10
8.66667 -1.40706e+10
8.7 -1.40706e+10
8.73333 -1.40706e+10
8.76667 -1.40706e+10
8.8 -1.40706e+10
8.83333 -1.40706e+10
8.86667 -1.40706e+10
8.9 -1.40706e+10
8.93333 -1.40706e+10
8.96667 -1.40706e+10
9 -1.40706e+10
9.03333 -1.40706e+10
9.06667 -1.40706e+10
9.1 -1.40706e+10
9.13333 -1.40706e+10
9.16667 -1.40706e+10
9.2 -1.40706e+10
9.23333 -1.40706e+10
9.26667 -1.40706e+10
9.3 -1.40706e+10
9.33333 -1.40706e+10
9.36667 -1.40706e+10
9.4 -1.40706e+10
9.43333 -1.40706e+10
9.46667 -1.40706e+10
9.5 -1.40706e+10
9.53333 -1.40706e+10
9.56667 -1.40706e+10
9.6 -1.40706e+10
9.63333 -1.40706e+10
9.66667 -1.40706e+10
9.7 -1.40706e+10
9.73333 -1.40706e+10
9.76667 -1.40706e+10
9.8 -1.40706e+10
9.83333 -1.40706e+10
9.86667 -1.40706e+10
9.9 -1.40706e+10
9.93333 -1.40706e+10
9.96667 -1.40706e+10
10 -1.40706e+10
10.0333 -1.40706e+10
10.0667 -1.40706e+10
10.1 -1.40706e+10
10.1333 -1.40706e+10
10.1667 -1.40706e+10
10.2 -1.40706e+10
10.2333 -1.40706e+10
10.2667 -1.40706e+10
10.3 -1.40706e+10
10.3333 -1.40706e+10
10.3667 -1.40706e+10
10.4 -1.40706e+10
10.4333 -1.40706e+10
10.4667 -1.40706e+10
10.5 -1.40706e+10
10.5333 -1.40706e+10
10.5667 -1.40706e+10
10.6 -1.40706e+10
10.6333 -1.40706e+10
10.6667 -1.40706e+10
10.7 -1.40706e+10
10.7333 -1.40706e+10
10.7667 -1.40706e+10
10.8 -1.40706e+10
10.8333 -1.40706e+10
10.8667 -1.40706e+10
10.9 -1.40706e+10
10.9333 -1.40706e+10
10.9667 -1.40706e+10
11 -1.40706e+10
11.0333 -1.40706e+10
11.0667 -1.40706e+10
11.1 -1.40706e+10
11.1333 -1.40706e+10
11.1667 -1.40706e+10
11.2 -1.40706e+10
11.2333 -1.40706e+10
11.2667 -1.40706e+10
11.3 -1.40706e+10
11.3333 -1.40706e+10
11.3667 -1.40706e+10
11.4 -1.40706e+10
11.4333 -1.40706e+10
11.4667 -1.40706e+10
11.5 -1.40706e+10
11.5333 -1.40706e+10
11.5667 -1.40706e+10
11.6 -1.40706e+10
11.6333 -1.40706e+10
11.6667 -1.40706e+10
11.7 -1.40706e+10
11.7333 -1.40706e+10
11.7667 -1.40706e+10
11.8 -1.40706e+10
11.8333 -1.40706e+10
11.8667 -1.40706e+10
11.9 -1.40706e+10
11.9333 -1.40706e+10
11.9667 -1.40706e+10
12 -1.40706e+10
12.0333 -1.40706e+10
12.0667 -1.40706e+10
12.1 -1.40706e+10
12.1333 -1.40706e+10
12.1667 -1.40706e+10
12.2 -1.40706e+10
12.2333 -1.40706e+10
12.2667 -1.40706e+10
12.3 -1.40706e+10
12.3333 -1.40706e+10
12.3667 -1.40706e+10
12.4 -1.40706e+10
12.4333 -1.40706e+10
12.4667 -1.40706e+10
12.5 -1.40706e+10
12.5333 -1.40706e+10
12.5667 -1.40706e+10
12.6 -1.40706e+10
12.6333 -1.40706e+10
12.6667 -1.40706e+10
12.7 -1.40706e+10
12.7333 -1.40706e+10
12.7667 -1.40706e+10
12.8 -1.40706e+10
12.8333 -1.40706e+10
12.8667 -1.40706e+10
12.9 -1.40706e+10
12.9333 -1.40706e+10
12.9667 -1.40706e+10
13 -1.40706e+10
13.0333 -1.40706e+10
13.0667 -1.40706e+10
13.1 -1.40706e+10
13.1333 -1.40706e+10
13.1667 -1.40706e+10
13.2 -1.40706e+10
13.2333 -1.40706e+10
13.2667 -1.40706e+10
13.3 -1.40706e+10
13.3333 -1.40706e+10
13.3667 -1.40706e+10
13.4 -1.40706e+10
13.4333 -1.40706e+10
13.4667 -1.40706e+10
13.5 -1.40706e+10
13.5333 -1.40706e+10
13.5667 -1.40706e+10
13.6 -1.40706e+10
13.6333 -1.40706e+10
13.6667 -1.40706e+10
13.7 -1.40706e+10
13.7333 -1.40706e+10
13.7667 -1.40706e+10
13.8 -1.40706e+10
13.8333 -1.40706e+10
13.8667 -1.40706e+10
13.9 -1.40706e+10
13.9333 -1.40706e+10
13.9667 -1.40706e+10
14 -1.40706e+10
14.0333 -1.40706e+10
14.0667 -1.40706e+10
14.1 -1.40706e+10
14.1333 -1.40706e+10
14.1667 -1.40705e+10
14.2 -1.40705e+10
14.2333 -1.40705e+10
14.2667 -1.40705e+10
14.3 -1.40705e+10
14.3333 -1.40705e+10
14.3667 -1.40705e+10
14.4 -1.40705e+10
14.4333 -1.40705e+10
14.4667 -1.40705e+10
14.5 -1.40705e+10
14.5333 -1.40705e+10
14.5667 -1.40705e+10
14.6 -1.40705e+10
14.6333 -1.40705e+10
14.6667 -1.40705e+10
14.7 -1.40705e+10
14.7333 -1.40705e+10
14.7667 -1.40705e+10
14.8 -1.40705e+10
14.8333 -1.40705e+10
14.8667 -1.40705e+10
14.9 -1.40705e+10
14.9333 -1.40705e+10
14.9667 -1.40705e+10
15 -1.40705e+10
15.0333 -1.40705e+10
15.0667 -1.40705e+10
15.1 -1.40705e+10
15.1333 -1.40705e+10
15.1667 -1.40705e+10
15.2 -1.40705e+10
15.2333 -1.40705e+10
15.2667 -1.40705e+10
15.3 -1.40705e+10
15.3333 -1.40705e+10
15.3667 -1.40705e+10
15.4 -1.40705e+10
15.4333 -1.40705e+10
15.4667 -1.40705e+10
15.5 -1.40705e+10
15.5333 -1.40705e+10
15.5667 -1.40705e+10
15.6 -1.40705e+10
15.6333 -1.40705e+10
15.6667 -1.40705e+10
15.7 -1.40705e+10
15.7333 -1.40705e+10
15.7667 -1.40705e+10
15.8 -1.40705e+10
15.8333 -1.40705e+10
15.8667 -1.40705e+10
15.9 -1.40705e+10
15.9333 -1.40705e+10
15.9667 -1.40705e+10
16 -1.40705e+10
16.0333 -1.40705e+10
16.0667 -1.40705e+10
16.1 -1.40705e+10
16.1333 -1.40705e+10
16.1667 -1.40705e+10
16.2 -1.40705e+10
16.2333 -1.40705e+10
16.2667 -1.40705e+10
16.3 -1.40705e+10
16.3333 -1.40705e+10
16.3667 -1.40705e+10
16.4 -1.40705e+10
16.4333 -1.40705e+10
16.4667 -1.40705e+10
16.5 -1.40705e+10
16.5333 -1.40705e+10
16.5667 -1.40705e+10
16.6 -1.40705e+10
16.6333 -1.40705e+10
16.6667 -1.40705e+10
16.7 -1.40705e+10
16.7333 -1.40705e+10
16.7667 -1.40705e+10
16.8 -1.40705e+10
16.8333 -1.40705e+10
16.8667 -1.40705e+10
16.9 -1.40705e+10
16.9333 -1.40705e+10
16.9667 -1.40705e+10
17 -1.40705e+10
17.0333 -1.40705e+10
17.0667 -1.40705e+10
17.1 -1.40705e+10
17.1333 -1.40705e+10
17.1667 -1.40705e+10
17.2 -1.40705e+10
17.2333 -1.40705e+10
17.2667 -1.40705e+10
17.3 -1.40705e+10
17.3333 -1.40705e+10
17.3667 -1.40705e+10
17.4 -1.40705e+10
17.4333 -1.40705e+10
17.4667 -1.40705e+10
17.5 -1.40705e+10
17.5333 -1.40705e+10
17.5667 -1.40705e+10
17.6 -1.40705e+10
17.6333 -1.40705e+10
17.6667 -1.40705e+10
17.7 -1.40705e+10
17.7333 -1.40705e+10
17.7667 -1.40705e+10
17.8 -1.40705e+10
17.8333 -1.40705e+10
17.8667 -1.40705e+10
17.9 -1.40705e+10
17.9333 -1.40705e+10
17.9667 -1.40705e+10
18 -1.40705e+10
18.0333 -1.40705e+10
18.0667 -1.40705e+10
18.1 -1.40705e+10
18.1333 -1.40705e+10
18.1667 -1.40705e+10
18.2 -1.40705e+10
18.2333 -1.40705e+10
18.2667 -1.40705e+10
18.3 -1.40705e+10
18.3333 -1.40705e+10
18.3667 -1.40705e+10
18.4 -1.40705e+10
18.4333 -1.40705e+10
18.4667 -1.40705e+10
18.5 -1.40705e+10
18.5333 -1.40705e+10
18.5667 -1.40705e+10
18.6 -1.40705e+10
18.6333 -1.40705e+10
18.6667 -1.40705e+10
18.7 -1.40705e+10
18.7333 -1.40705e+10
18.7667 -1.40705e+10
18.8 -1.40705e+10
18.8333 -1.40705e+10
18.8667 -1.40705e+10
18.9 -1.40705e+10
18.9333 -1.40705e+10
18.9667 -1.40705e+10
19 -1.40705e+10
19.0333 -1.40705e+10
19.0667 -1.40705e+10
19.1 -1.40705e+10
19.1333 -1.40705e+10
19.1667 -1.40705e+10
19.2 -1.40705e+10
19.2333 -1.40705e+10
19.2667 -1.40705e+10
19.3 -1.40705e+10
19.3333 -1.40705e+10
19.3667 -1.40705e+10
19.4 -1.40705e+10
19.4333 -1.40705e+10
19.4667 -1.40705e+10
19.5 -1.40705e+10
19.5333 -1.40705e+10
19.5667 -1.40705e+10
19.6 -1.40705e+10
19.6333 -1.40705e+10
19.6667 -1.40705e+10
19.7 -1.40705e+10
19.7333 -1.40705e+10
19.7667 -1.40705e+10
19.8 -1.40705e+10
19.8333 -1.40705e+10
19.8667 -1.40705e+10
19.9 -1.40705e+10
19.9333 -1.40705e+10
19.9667 -1.40705e+10
20 -1.40705e+10
20.0333 -1.40705e+10
20.0667 -1.40705e+10
20.1 -1.40705e+10
20.1333 -1.40705e+10
20.1667 -1.40705e+10
20.2 -1.40705e+10
20.2333 -1.40705e+10
20.2667 -1.40705e+10
20.3 -1.40705e+10
20.3333 -1.40705e+10
20.3667 -1.40705e+10
20.4 -1.40705e+10
20.4333 -1.40705e+10
20.4667 -1.40705e+10
20.5 -1.40705e+10
20.5333 -1.40705e+10
20.5667 -1.40705e+10
20.6 -1.40705e+10
20.6333 -1.40705e+10
20.6667 -1.40705e+10
20.7 -1.40705e+10
20.7333 -1.40705e+10
20.7667 -1.40705e+10
20.8 -1.40705e+10
20.8333 -1.40705e+10
20.8667 -1.40705e+10
20.9 -1.40705e+10
20.9333 -1.40705e+10
20.9667 -1.40705e+10
21 -1.40705e+10
21.0333 -1.40705e+10
21.0667 -1.40705e+10
21.1 -1.40705e+10
21.1333 -1.40705e+10
21.1667 -1.40705e+10
21.2 -1.40705e+10
21.2333 -1.40705e+10
21.2667 -1.40705e+10
21.3 -1.40705e+10
21.3333 -1.40705e+10
21.3667 -1.40705e+10
21.4 -1.40705e+10
21.4333 -1.40705e+10
21.4667 -1.40705e+10
21.5 -1.40705e+10
21.5333 -1.40705e+10
21.5667 -1.40705e+10
21.6 -1.40705e+10
21.6333 -1.40705e+10
21.6667 -1.40705e+10
21.7 -1.40705e+10
21.7333 -1.40705e+10
21.7667 -1.40705e+10
21.8 -1.40705e+10
21.8333 -1.40705e+10
21.8667 -1.40705e+10
21.9 -1.40705e+10
21.9333 -1.40705e+10
21.9667 -1.40705e+10
22 -1.40705e+10
22.0333 -1.40705e+10
22.0667 -1.40705e+10
22.1 -1.40705e+10
22.1333 -1.40705e+10
22.1667 -1.40705e+10
22.2 -1.40705e+10
22.2333 -1.40705e+10
22.2667 -1.40705e+10
22.3 -1.40705e+10
22.3333 -1.40705e+10
22.3667 -1.40705e+10
22.4 -1.40705e+10
22.4333 -1.40705e+10
22.4667 -1.40705e+10
22.5 -1.40705e+10
22.5333 -1.40705e+10
22.5667 -1.40705e+10
22.6 -1.40705e+10
22.6333 -1.40705e+10
22.6667 -1.40705e+10
22.7 -1.40705e+10
22.7333 -1.40705e+10
22.7667 -1.40705e+10
22.8 -1.40705e+10
22.8333 -1.40705e+10
22.8667 -1.40705e+10
22.9 -1.40705e+10
22.9333 -1.40705e+10
22.9667 -1.40705e+10
23 -1.40705e+10
23.0333 -1.40705e+10
23.0667 -1.40705e+10
23.1 -1.40705e+10
23.1333 -1.40705e+10
23.1667 -1.40705e+10
23.2 -1.40705e+10
23.2333 -1.40705e+10
23.2667 -1.40705e+10
23.3 -1.40705e+10
23.3333 -1.40705e+10
23.3667 -1.40705e+10
23.4 -1.40705e+10
23.4333 -1.40705e+10
23.4667 -1.40705e+10
23.5 -1.40705e+10
23.5333 -1.40705e+10
23.5667 -1.40705e+10
23.6 -1.40705e+10
23.6333 -1.40705e+10
23.6667 -1.40705e+10
23.7 -1.40705e+10
23.7333 -1.40705e+10
23.7667 -1.40705e+10
23.8 -1.40705e+10
23.8333 -1.40705e+10
23.8667 -1.40705e+10
23.9 -1.40705e+10
23.9333 -1.40705e+10
23.9667 -1.40705e+10
24 -1.40705e+10
24.0333 -1.40705e+10
24.0667 -1.40705e+10
24.1 -1.40705e+10
24.1333 -1.40705e+10
24.1667 -1.40705e+10
24.2 -1.40705e+10
24.2333 -1.40705e+10
24.2667 -1.40705e+10
24.3 -1.40705e+10
24.3333 -1.40705e+10
24.3667 -1.40705e+10
24.4 -1.40705e+10
24.4333 -1.40705e+10
24.4667 -1.40705e+10
24.5 -1.40705e+10
24.5333 -1.40705e+10
24.5667 -1.40705e+10
24.6 -1.40705e+10
24.6333 -1.40705e+10
24.6667 -1.40705e+10
24.7 -1.40705e+10
24.7333 -1.40705e+10
24.7667 -1.40705e+10
24.8 -1.40705e+10
24.8333 -1.40705e+10
24.8667 -1.40705e+10
24.9 -1.40705e+10
24.9333 -1.40705e+10
24.9667 -1.40705e+10
25 -1.40705e+10
25.0333 -1.40705e+10
25.0667 -1.40705e+10
25.1 -1.40705e+10
25.1333 -1.40705e+10
25.1667 -1.40705e+10
25.2 -1.40705e+10
25.2333 -1.40705e+10
25.2667 -1.40705e+10
25.3 -1.40705e+10
25.3333 -1.40705e+10
25.3667 -1.40705e+10
25.4 -1.40705e+10
25.4333 -1.40705e+10
25.4667 -1.40705e+10
25.5 -1.40705e+10
25.5333 -1.40705e+10
25.5667 -1.40705e+10
25.6 -1.40705e+10
25.6333 -1.40705e+10
25.6667 -1.40705e+10
25.7 -1.40705e+10
25.7333 -1.40705e+10
25.7667 -1.40705e+10
25.8 -1.40705e+10
25.8333 -1.40705e+10
25.8667 -1.40705e+10
25.9 -1.40705e+10
25.9333 -1.40705e+10
25.9667 -1.40705e+10
26 -1.40705e+10
26.0333 -1.40705e+10
26.0667 -1.40705e+10
26.1 -1.40705e+10
26.1333 -1.40705e+10
26.1667 -1.40705e+10
26.2 -1.40705e+10
26.2333 -1.40705e+10
26.2667 -1.40705e+10
26.3 -1.40705e+10
26.3333 -1.40705e+10
26.3667 -1.40705e+10
26.4 -1.40705e+10
26.4333 -1.40705e+10
26.4667 -1.40705e+10
26.5 -1.40705e+10
26.5333 -1.40705e+10
26.5667 -1.40705e+10
26.6 -1.40705e+10
26.6333 -1.40705e+10
26.6667 -1.40705e+10
26.7 -1.40705e+10
26.7333 -1.40705e+10
26.7667 -1.40705e+10
26.8 -1.40705e+10
26.8333 -1.40705e+10
26.8667 -1.40705e+10
26.9 -1.40705e+10
26.9333 -1.40705e+10
26.9667 -1.40705e+10
27 -1.40705e+10
27.0333 -1.40705e+10
27.0667 -1.40705e+10
27.1 -1.40705e+10
27.1333 -1.40705e+10
27.1667 -1.40705e+10
27.2 -1.40705e+10
27.2333 -1.40705e+10
27.2667 -1.40705e+10
27.3 -1.40705e+10
27.3333 -1.40705e+10
27.3667 -1.40705e+10
27.4 -1.40705e+10
27.4333 -1.40705e+10
27.4667 -1.40705e+10
27.5 -1.40705e+10
27.5333 -1.40705e+10
27.5667 -1.40705e+10
27.6 -1.40705e+10
27.6333 -1.40705e+10
27.6667 -1.40705e+10
27.7 -1.40705e+10
27.7333 -1.40705e+10
27.7667 -1.40705e+10
27.8 -1.40705e+10
27.8333 -1.40705e+10
27.8667 -1.40705e+10
27.9 -1.40705e+10
27.9333 -1.40705e+10
27.9667 -1.40705e+10
28 -1.40705e+10
28.0333 -1.40705e+10
28.0667 -1.40705e+10
28.1 -1.40705e+10
28.1333 -1.40705e+10
28.1667 -1.40705e+10
28.2 -1.40705e+10
28.2333 -1.40705e+10
28.2667 -1.40705e+10
28.3 -1.40705e+10
28.3333 -1.40705e+10
28.3667 -1.40705e+10
28.4 -1.40705e+10
28.4333 -1.40705e+10
28.4667 -1.40705e+10
28.5 -1.40705e+10
28.5333 -1.40705e+10
28.5667 -1.40705e+10
28.6 -1.40705e+10
28.6333 -1.40705e+10
28.6667 -1.40705e+10
28.7 -1.40705e+10
28.7333 -1.40705e+10
28.7667 -1.40705e+10
28.8 -1.40705e+10
28.8333 -1.40705e+10
28.8667 -1.40705e+10
28.9 -1.40705e+10
28.9333 -1.40705e+10
28.9667 -1.40705e+10
29 -1.40705e+10
29.0333 -1.40705e+10
29.0667 -1.40705e+10
29.1 -1.40705e+10
29.1333 -1.40705e+10
29.1667 -1.40705e+10
29.2 -1.40705e+10
29.2333 -1.40705e+10
29.2667 -1.40705e+10
29.3 -1.40705e+10
29.3333 -1.40705e+10
29.3667 -1.40705e+10
29.4 -1.40705e+10
29.4333 -1.40705e+10
29.4667 -1.40705e+10
29.5 -1.40705e+10
29.5333 -1.40705e+10
29.5667 -1.40705e+10
29.6 -1.40705e+10
29.6333 -1.40705e+10
29.6667 -1.40705e+10
29.7 -1.40705e+10
29.7333 -1.40705e+10
29.7667 -1.40705e+10
29.8 -1.40705e+10
29.8333 -1.40705e+10
29.8667 -1.40705e+10
29.9 -1.40705e+10
29.9333 -1.40705e+10
29.9667 -1.40705e+10
30 -1.40705e+10
30.0333 -1.40705e+10
30.0667 -1.40705e+10
30.1 -1.40705e+10
30.1333 -1.40705e+10
30.1667 -1.40705e+10
30.2 -1.40705e+10
30.2333 -1.40705e+10
30.2667 -1.40705e+10
30.3 -1.40705e+10
30.3333 -1.40705e+10
30.3667 -1.40705e+10
30.4 -1.40705e+10
30.4333 -1.40705e+10
30.4667 -1.40705e+10
30.5 -1.40705e+10
30.5333 -1.40705e+10
30.5667 -1.40705e+10
30.6 -1.40705e+10
30.6333 -1.40705e+10
30.6667 -1.40705e+10
30.7 -1.40705e+10
30.7333 -1.40705e+10
30.7667 -1.40705e+10
30.8 -1.40705e+10
30.8333 -1.40705e+10
30.8667 -1.40705e+10
30.9 -1.40705e+10
30.9333 -1.40705e+10
30.9667 -1.40705e+10
31 -1.40705e+10
31.0333 -1.40705e+10
31.0667 -1.40705e+10
31.1 -1.40705e+10
31.1333 -1.40705e+10
31.1667 -1.40705e+10
31.2 -1.40705e+10
31.2333 -1.40705e+10
31.2667 -1.40705e+10
31.3 -1.40705e+10
31.3333 -1.40705e+10
31.3667 -1.40705e+10
31.4 -1.40705e+10
31.4333 -1.40705e+10
31.4667 -1.40705e+10
31.5 -1.40705e+10
31.5333 -1.40705e+10
31.5667 -1.40705e+10
31.6 -1.40705e+10
31.6333 -1.40705e+10
31.6667 -1.40705e+10
31.7 -1.40705e+10
31.7333 -1.40705e+10
31.7667 -1.40705e+10
31.8 -1.40705e+10
31.8333 -1.40705e+10
31.8667 -1.40705e+10
31.9 -1.40705e+10
31.9333 -1.40705e+10
31.9667 -1.40705e+10
32 -1.40705e+10
32.0333 -1.40705e+10
32.0667 -1.40705e+10
32.1 -1.40705e+10
32.1333 -1.40705e+10
32.1667 -1.40705e+10
32.2 -1.40705e+10
32.2333 -1.40705e+10
32.2667 -1.40705e+10
32.3 -1.40705e+10
32.3333 -1.40705e+10
32.3667 -1.40705e+10
32.4 -1.40705e+10
32.4333 -1.40705e+10
32.4667 -1.40705e+10
32.5 -1.40705e+10
32.5333 -1.40705e+10
32.5667 -1.40705e+10
32.6 -1.40705e+10
32.6333 -1.40705e+10
32.6667 -1.40705e+10
32.7 -1.40705e+10
32.7333 -1.40705e+10
32.7667 -1.40705e+10
32.8 -1.40705e+10
32.8333 -1.40705e+10
32.8667 -1.40705e+10
32.9 -1.40705e+10
32.9333 -1.40705e+10
32.9667 -1.40705e+10
33 -1.40705e+10
33.0333 -1.40705e+10
33.0667 -1.40705e+10
33.1 -1.40705e+10
33.1333 -1.40705e+10
33.1667 -1.40705e+10
33.2 -1.40705e+10
33.2333 -1.40705e+10
33.2667 -1.40705e+10
33.3 -1.40705e+10
33.3333 -1.40705e+10
33.3667 -1.40705e+10
33.4 -1.40705e+10
33.4333 -1.40705e+10
33.4667 -1.40705e+10
33.5 -1.40705e+10
33.5333 -1.40705e+10
33.5667 -1.40705e+10
33.6 -1.40705e+10
33.6333 -1.40705e+10
33.6667 -1.40705e+10
33.7 -1.40705e+10
33.7333 -1.40705e+10
33.7667 -1.40705e+10
33.8 -1.40705e+10
33.8333 -1.40705e+10
33.8667 -1.40705e+10
33.9 -1.40705e+10
33.9333 -1.40705e+10
33.9667 -1.40705e+10
34 -1.40705e+10
34.0333 -1.40705e+10
34.0667 -1.40705e+10
34.1 -1.40705e+10
34.1333 -1.40705e+10
34.1667 -1.40705e+10
34.2 -1.40705e+10
34.2333 -1.40705e+10
34.2667 -1.40705e+10
34.3 -1.40705e+10
34.3333 -1.40705e+10
34.3667 -1.40705e+10
34.4 -1.40705e+10
34.4333 -1.40705e+10
34.4667 -1.40705e+10
34.5 -1.40705e+10
34.5333 -1.40705e+10
34.5667 -1.40705e+10
34.6 -1.40705e+10
34.6333 -1.40705e+10
34.6667 -1.40705e+10
34.7 -1.40705e+10
34.7333 -1.40705e+10
34.7667 -1.40705e+10
34.8 -1.40705e+10
34.8333 -1.40705e+10
34.8667 -1.40705e+10
34.9 -1.40705e+10
34.9333 -1.40705e+10
34.9667 -1.40705e+10
35 -1.40705e+10
35.0333 -1.40705e+10
35.0667 -1.40705e+10
35.1 -1.40705e+10
35.1333 -1.40705e+10
35.1667 -1.40705e+10
35.2 -1.40705e+10
35.2333 -1.40705e+10
35.2667 -1.40705e+10
35.3 -1.40705e+10
35.3333 -1.40705e+10
35.3667 -1.40705e+10
35.4 -1.40705e+10
35.4333 -1.40705e+10
35.4667 -1.40705e+10
35.5 -1.40705e+10
35.5333 -1.40705e+10
35.5667 -1.40705e+10
35.6 -1.40705e+10
35.6333 -1.40705e+10
35.6667 -1.40705e+10
35.7 -1.40705e+10
35.7333 -1.40705e+10
35.7667 -1.40705e+10
35.8 -1.40705e+10
35.8333 -1.40705e+10
35.8667 -1.40705e+10
35.9 -1.40705e+10
35.9333 -1.40705e+10
35.9667 -1.40705e+10
36 -1.40705e+10
36.0333 -1.40705e+10
36.0667 -1.40705e+10
36.1 -1.40705e+10
36.1333 -1.40705e+10
36.1667 -1.40705e+10
36.2 -1.40705e+10
36.2333 -1.40705e+10
36.2667 -1.40705e+10
36.3 -1.40705e+10
36.3333 -1.40705e+10
36.3667 -1.40705e+10
36.4 -1.40705e+10
36.4333 -1.40705e+10
36.4667 -1.40705e+10
36.5 -1.40705e+10
36.5333 -1.40705e+10
36.5667 -1.40705e+10
36.6 -1.40705e+10
36.6333 -1.40705e+10
36.6667 -1.40705e+10
36.7 -1.40705e+10
36.7333 -1.40705e+10
36.7667 -1.40705e+10
36.8 -1.40705e+10
36.8333 -1.40705e+10
36.8667 -1.40705e+10
36.9 -1.40705e+10
36.9333 -1.40705e+10
36.9667 -1.40705e+10
37 -1.40705e+10
37.0333 -1.40705e+10
37.0667 -1.40705e+10
37.1 -1.40705e+10
37.1333 -1.40705e+10
37.1667 -1.40705e+10
37.2 -1.40705e+10
37.2333 -1.40705e+10
37.2667 -1.40705e+10
37.3 -1.40705e+10
37.3333 -1.40705e+10
37.3667 -1.40705e+10
37.4 -1.40705e+10
37.4333 -1.40705e+10
37.4667 -1.40705e+10
37.5 -1.40705e+10
37.5333 -1.40705e+10
37.5667 -1.40705e+10
37.6 -1.40705e+10
37.6333 -1.40705e+10
37.6667 -1.40705e+10
37.7 -1.40705e+10
37.7333 -1.40705e+10
37.7667 -1.40705e+10
37.8 -1.40705e+10
37.8333 -1.40705e+10
37.8667 -1.40705e+10
37.9 -1.40705e+10
37.9333 -1.40705e+10
37.9667 -1.40705e+10
38 -1.40705e+10
38.0333 -1.40705e+10
38.0667 -1.40705e+10
38.1 -1.40705e+10
38.1333 -1.40705e+10
38.1667 -1.40705e+10
38.2 -1.40705e+10
38.2333 -1.40705e+10
38.2667 -1.40705e+10
38.3 -1.40705e+10
38.3333 -1.40705e+10
38.3667 -1.40705e+10
38.4 -1.40705e+10
38.4333 -1.40705e+10
38.4667 -1.40705e+10
38.5 -1.40705e+10
38.5333 -1.40705e+10
38.5667 -1.40705e+10
38.6 -1.40705e+10
38.6333 -1.40705e+10
38.6667 -1.40705e+10
38.7 -1.40705e+10
38.7333 -1.40705e+10
38.7667 -1.40705e+10
38.8 -1.40705e+10
38.8333 -1.40705e+10
38.8667 -1.40705e+10
38.9 -1.40705e+10
38.9333 -1.40705e+10
38.9667 -1.40705e+10
39 -1.40705e+10
39.0333 -1.40705e+10
39.0667 -1.40705e+10
39.1 -1.40705e+10
39.1333 -1.40705e+10
39.1667 -1.40705e+10
39.2 -1.40705e+10
39.2333 -1.40705e+10
39.2667 -1.40705e+10
39.3 -1.40705e+10
39.3333 -1.40705e+10
39.3667 -1.40705e+10
39.4 -1.40705e+10
39.4333 -1.40705e+10
39.4667 -1.40705e+10
39.5 -1.40705e+10
39.5333 -1.40705e+10
39.5667 -1.40705e+10
39.6 -1.40705e+10
39.6333 -1.40705e+10
39.6667 -1.40705e+10
39.7 -1.40705e+10
39.7333 -1.40705e+10
39.7667 -1.40705e+10
39.8 -1.40705e+10
39.8333 -1.40705e+10
39.8667 -1.40705e+10
39.9 -1.40705e+10
39.9333 -1.40705e+10
39.9667 -1.40705e+10
40 -1.40705e+10
40.0333 -1.40705e+10
40.0667 -1.40705e+10
40.1 -1.40705e+10
40.1333 -1.40705e+10
40.1667 -1.40705e+10
40.2 -1.40705e+10
40.2333 -1.40705e+10
40.2667 -1.40705e+10
40.3 -1.40705e+10
40.3333 -1.40705e+10
40.3667 -1.40705e+10
40.4 -1.40705e+10
40.4333 -1.40705e+10
40.4667 -1.40705e+10
40.5 -1.40705e+10
40.5333 -1.40705e+10
40.5667 -1.40705e+10
40.6 -1.40705e+10
40.6333 -1.40705e+10
40.6667 -1.40705e+10
40.7 -1.40705e+10
40.7333 -1.40705e+10
40.7667 -1.40705e+10
40.8 -1.40705e+10
40.8333 -1.40705e+10
40.8667 -1.40705e+10
40.9 -1.40705e+10
40.9333 -1.40705e+10
40.9667 -1.40705e+10
41 -1.40705e+10
41.0333 -1.40705e+10
41.0667 -1.40705e+10
41.1 -1.40705e+10
41.1333 -1.40705e+10
41.1667 -1.40705e+10
41.2 -1.40705e+10
41.2333 -1.40705e+10
41.2667 -1.40705e+10
41.3 -1.40705e+10
41.3333 -1.40705e+10
41.3667 -1.40705e+10
41.4 -1.40705e+10
41.4333 -1.40705e+10
41.4667 -1.40705e+10
41.5 -1.40705e+10
41.5333 -1.40705e+10
41.5667 -1.40705e+10
41.6 -1.40705e+10
41.6333 -1.40705e+10
41.6667 -1.40705e+10
41.7 -1.40705e+10
41.7333 -1.40705e+10
41.7667 -1.40705e+10
41.8 -1.40705e+10
41.8333 -1.40705e+10
41.8667 -1.40705e+10
41.9 -1.40705e+10
41.9333 -1.40705e+10
41.9667 -1.40705e+10
42 -1.40705e+10
42.0333 -1.40705e+10
42.0667 -1.40705e+10
42.1 -1.40705e+10
42.1333 -1.40705e+10
42.1667 -1.40705e+10
42.2 -1.40705e+10
42.2333 -1.40705e+10
42.2667 -1.40705e+10
42.3 -1.40705e+10
42.3333 -1.40705e+10
42.3667 -1.40705e+10
42.4 -1.40705e+10
42.4333 -1.40705e+10
42.4667 -1.40705e+10
42.5 -1.40705e+10
42.5333 -1.40705e+10
42.5667 -1.40705e+10
42.6 -1.40705e+10
42.6333 -1.40705e+10
42.6667 -1.40705e+10
42.7 -1.40705e+10
42.7333 -1.40705e+10
42.7667 -1.40705e+10
42.8 -1.40705e+10
42.8333 -1.40705e+10
42.8667 -1.40705e+10
42.9 -1.40705e+10
42.9333 -1.40705e+10
42.9667 -1.40705e+10
43 -1.40705e+10
43.0333 -1.40705e+10
43.0667 -1.40705e+10
43.1 -1.40705e+10
43.1333 -1.40705e+10
43.1667 -1.40705e+10
43.2 -1.40705e+10
43.2333 -1.40705e+10
43.2667 -1.40705e+10
43.3 -1.40705e+10
43.3333 -1.40705e+10
43.3667 -1.40705e+10
43.4 -1.40705e+10
43.4333 -1.40705e+10
43.4667 -1.40705e+10
43.5 -1.40705e+10
43.5333 -1.40705e+10
43.5667 -1.40705e+10
43.6 -1.40705e+10
43.6333 -1.40705e+10
43.6667 -1.40705e+10
43.7 -1.40705e+10
43.7333 -1.40705e+10
43.7667 -1.40705e+10
43.8 -1.40705e+10
43.8333 -1.40705e+10
43.8667 -1.40705e+10
43.9 -1.40705e+10
43.9333 -1.40705e+10
43.9667 -1.40705e+10
44 -1.40705e+10
44.0333 -1.40705e+10
44.0667 -1.40705e+10
44.1 -1.40705e+10
44.1333 -1.40705e+10
44.1667 -1.40705e+10
44.2 -1.40705e+10
44.2333 -1.40705e+10
44.2667 -1.40705e+10
44.3 -1.40705e+10
44.3333 -1.40705e+10
44.3667 -1.40705e+10
44.4 -1.40705e+10
44.4333 -1.40705e+10
44.4667 -1.40705e+10
44.5 -1.40705e+10
44.5333 -1.40705e+10
44.5667 -1.40705e+10
44.6 -1.40705e+10
44.6333 -1.40705e+10
44.6667 -1.40705e+10
44.7 -1.40705e+10
44.7333 -1.40705e+10
44.7667 -1.40705e+10
44.8 -1.40705e+10
44.8333 -1.40705e+10
44.8667 -1.40705e+10
44.9 -1.40705e+10
44.9333 -1.40705e+10
44.9667 -1.40705e+10
45 -1.40705e+10
45.0333 -1.40705e+10
45.0667 -1.40705e+10
45.1 -1.40705e+10
45.1333 -1.40705e+10
45.1667 -1.40705e+10
45.2 -1.40705e+10
45.2333 -1.40705e+10
45.2667 -1.40705e+10
45.3 -1.40705e+10
45.3333 -1.40705e+10
45.3667 -1.40705e+10
45.4 -1.40705e+10
45.4333 -1.40705e+10
45.4667 -1.40705e+10
45.5 -1.40705e+10
45.5333 -1.40705e+10
45.5667 -1.40705e+10
45.6 -1.40705e+10
45.6333 -1.40705e+10
45.6667 -1.40705e+10
45.7 -1.40705e+10
45.7333 -1.40705e+10
45.7667 -1.40705e+10
45.8 -1.40705e+10
45.8333 -1.40705e+10
45.8667 -1.40705e+10
45.9 -1.40705e+10
45.9333 -1.40705e+10
45.9667 -1.40705e+10
46 -1.40705e+10
46.0333 -1.40705e+10
46.0667 -1.40705e+10
46.1 -1.40705e+10
46.1333 -1.40705e+10
46.1667 -1.40705e+10
46.2 -1.40705e+10
46.2333 -1.40705e+10
46.2667 -1.40705e+10
46.3 -1.40705e+10
46.3333 -1.40705e+10
46.3667 -1.40705e+10
46.4 -1.40705e+10
46.4333 -1.40705e+10
46.4667 -1.40705e+10
46.5 -1.40705e+10
46.5333 -1.40705e+10
46.5667 -1.40705e+10
46.6 -1.40705e+10
46.6333 -1.40705e+10
46.6667 -1.40705e+10
46.7 -1.40705e+10
46.7333 -1.40705e+10
46.7667 -1.40705e+10
46.8 -1.40705e+10
46.8333 -1.40705e+10
46.8667 -1.40705e+10
46.9 -1.40705e+10
46.9333 -1.40705e+10
46.9667 -1.40705e+10
47 -1.40705e+10
47.0333 -1.40705e+10
47.0667 -1.40705e+10
47.1 -1.40705e+10
47.1333 -1.40705e+10
47.1667 -1.40705e+10
47.2 -1.40705e+10
47.2333 -1.40705e+10
47.2667 -1.40705e+10
47.3 -1.40705e+10
47.3333 -1.40705e+10
47.3667 -1.40705e+10
47.4 -1.40705e+10
47.4333 -1.40705e+10
47.4667 -1.40705e+10
47.5 -1.40705e+10
47.5333 -1.40705e+10
47.5667 -1.40705e+10
47.6 -1.40705e+10
47.6333 -1.40705e+10
47.6667 -1.40705e+10
47.7 -1.40705e+10
47.7333 -1.40705e+10
47.7667 -1.40705e+10
47.8 -1.40705e+10
47.8333 -1.40705e+10
47.8667 -1.40705e+10
47.9 -1.40705e+10
47.9333 -1.40705e+10
47.9667 -1.40705e+10
48 -1.40705e+10
48.0333 -1.40705e+10
48.0667 -1.40705e+10
48.1 -1.40705e+10
48.1333 -1.40705e+10
48.1667 -1.40705e+10
48.2 -1.40705e+10
48.2333 -1.40705e+10
48.2667 -1.40705e+10
48.3 -1.40705e+10
48.3333 -1.40705e+10
48.3667 -1.40705e+10
48.4 -1.40705e+10
48.4333 -1.40705e+10
48.4667 -1.40705e+10
48.5 -1.40705e+10
48.5333 -1.40705e+10
48.5667 -1.40705e+10
48.6 -1.40705e+10
48.6333 -1.40705e+10
48.6667 -1.40705e+10
48.7 -1.40705e+10
48.7333 -1.40705e+10
48.7667 -1.40705e+10
48.8 -1.40705e+10
48.8333 -1.40705e+10
48.8667 -1.40705e+10
48.9 -1.40705e+10
48.9333 -1.40705e+10
48.9667 -1.40705e+10
49 -1.40705e+10
49.0333 -1.40705e+10
49.0667 -1.40705e+10
49.1 -1.40705e+10
49.1333 -1.40705e+10
49.1667 -1.40705e+10
49.2 -1.40705e+10
49.2333 -1.40705e+10
49.2667 -1.40705e+10
49.3 -1.40705e+10
49.3333 -1.40705e+10
49.3667 -1.40705e+10
49.4 -1.40705e+10
49.4333 -1.40705e+10
49.4667 -1.40705e+10
49.5 -1.40705e+10
49.5333 -1.40705e+10
49.5667 -1.40705e+10
49.6 -1.40705e+10
49.6333 -1.40705e+10
49.6667 -1.40705e+10
49.7 -1.40705e+10
49.7333 -1.40705e+10
49.7667 -1.40705e+10
49.8 -1.40705e+10
49.8333 -1.40705e+10
49.8667 -1.40705e+10
49.9 -1.40705e+10
49.9333 -1.40705e+10
49.9667 -1.40705e+10
50 -1.40705e+10
50.0333 -1.40705e+10
50.0667 -1.40705e+10
50.1 -1.40705e+10
50.1333 -1.40705e+10
50.1667 -1.40705e+10
50.2 -1.40705e+10
50.2333 -1.40705e+10
50.2667 -1.40705e+10
50.3 -1.40705e+10
50.3333 -1.40705e+10
50.3667 -1.40705e+10
50.4 -1.40705e+10
50.4333 -1.40705e+10
50.4667 -1.40705e+10
50.5 -1.40705e+10
50.5333 -1.40705e+10
50.5667 -1.40705e+10
50.6 -1.40705e+10
50.6333 -1.40705e+10
50.6667 -1.40705e+10
50.7 -1.40705e+10
50.7333 -1.40705e+10
50.7667 -1.40705e+10
50.8 -1.40705e+10
50.8333 -1.40705e+10
50.8667 -1.40705e+10
50.9 -1.40705e+10
50.9333 -1.40705e+10
50.9667 -1.40705e+10
51 -1.40705e+10
51.0333 -1.40705e+10
51.0667 -1.40705e+10
51.1 -1.40705e+10
51.1333 -1.40705e+10
51.1667 -1.40705e+10
51.2 -1.40705e+10
51.2333 -1.40705e+10
51.2667 -1.40705e+10
51.3 -1.40705e+10
51.3333 -1.40705e+10
51.3667 -1.40705e+10
51.4 -1.40705e+10
51.4333 -1.40705e+10
51.4667 -1.40705e+10
51.5 -1.40705e+10
51.5333 -1.40705e+10
51.5667 -1.40705e+10
51.6 -1.40705e+10
51.6333 -1.40705e+10
51.6667 -1.40705e+10
51.7 -1.40705e+10
51.7333 -1.40705e+10
51.7667 -1.40705e+10
51.8 -1.40705e+10
51.8333 -1.40705e+10
51.8667 -1.40705e+10
51.9 -1.40705e+10
51.9333 -1.40705e+10
51.9667 -1.40705e+10
52 -1.40705e+10
52.0333 -1.40705e+10
52.0667 -1.40705e+10
52.1 -1.40705e+10
52.1333 -1.40705e+10
52.1667 -1.40705e+10
52.2 -1.40705e+10
52.2333 -1.40705e+10
52.2667 -1.40705e+10
52.3 -1.40705e+10
52.3333 -1.40705e+10
52.3667 -1.40705e+10
52.4 -1.40705e+10
52.4333 -1.40705e+10
52.4667 -1.40705e+10
52.5 -1.40705e+10
52.5333 -1.40705e+10
52.5667 -1.40705e+10
52.6 -1.40705e+10
52.6333 -1.40705e+10
52.6667 -1.40705e+10
52.7 -1.40705e+10
52.7333 -1.40705e+10
52.7667 -1.40705e+10
52.8 -1.40705e+10
52.8333 -1.40705e+10
52.8667 -1.40705e+10
52.9 -1.40705e+10
52.9333 -1.40705e+10
52.9667 -1.40705e+10
53 -1.40705e+10
53.0333 -1.40705e+10
53.0667 -1.40705e+10
53.1 -1.40705e+10
53.1333 -1.40705e+10
53.1667 -1.40705e+10
53.2 -1.40705e+10
53.2333 -1.40705e+10
53.2667 -1.40705e+10
53.3 -1.40705e+10
53.3333 -1.40705e+10
53.3667 -1.40705e+10
53.4 -1.40705e+10
53.4333 -1.40705e+10
53.4667 -1.40705e+10
53.5 -1.40705e+10
53.5333 -1.40705e+10
53.5667 -1.40705e+10
53.6 -1.40705e+10
53.6333 -1.40705e+10
53.6667 -1.40705e+10
53.7 -1.40705e+10
53.7333 -1.40705e+10
53.7667 -1.40705e+10
53.8 -1.40705e+10
53.8333 -1.40705e+10
53.8667 -1.40705e+10
53.9 -1.40705e+10
53.9333 -1.40705e+10
53.9667 -1.40705e+10
54 -1.40705e+10
54.0333 -1.40705e+10
54.0667 -1.40705e+10
54.1 -1.40705e+10
54.1333 -1.40705e+10
54.1667 -1.40705e+10
54.2 -1.40705e+10
54.2333 -1.40705e+10
54.2667 -1.40705e+10
54.3 -1.40705e+10
54.3333 -1.40705e+10
54.3667 -1.40705e+10
54.4 -1.40705e+10
54.4333 -1.40705e+10
54.4667 -1.40705e+10
54.5 -1.40705e+10
54.5333 -1.40705e+10
54.5667 -1.40705e+10
54.6 -1.40705e+10
54.6333 -1.40705e+10
54.6667 -1.40705e+10
54.7 -1.40705e+10
54.7333 -1.40705e+10
54.7667 -1.40705e+10
54.8 -1.40705e+10
54.8333 -1.40705e+10
54.8667 -1.40705e+10
54.9 -1.40705e+10
54.9333 -1.40705e+10
54.9667 -1.40705e+10
55 -1.40705e+10
55.0333 -1.40705e+10
55.0667 -1.40705e+10
55.1 -1.40705e+10
55.1333 -1.40705e+10
55.1667 -1.40705e+10
55.2 -1.40705e+10
55.2333 -1.40705e+10
55.2667 -1.40705e+10
55.3 -1.40705e+10
55.3333 -1.40705e+10
55.3667 -1.40705e+10
55.4 -1.40705e+10
55.4333 -1.40705e+10
55.4667 -1.40705e+10
55.5 -1.40705e+10
55.5333 -1.40705e+10
55.5667 -1.40705e+10
55.6 -1.40705e+10
55.6333 -1.40705e+10
55.6667 -1.40705e+10
55.7 -1.40705e+10
55.7333 -1.40705e+10
55.7667 -1.40705e+10
55.8 -1.40705e+10
55.8333 -1.40705e+10
55.8667 -1.40705e+10
55.9 -1.40705e+10
55.9333 -1.40705e+10
55.9667 -1.40705e+10
56 -1.40705e+10
56.0333 -1.40705e+10
56.0667 -1.40705e+10
56.1 -1.40705e+10
56.1333 -1.40705e+10
56.1667 -1.40705e+10
56.2 -1.40705e+10
56.2333 -1.40705e+10
56.2667 -1.40705e+10
56.3 -1.40705e+10
56.3333 -1.40705e+10
56.3667 -1.40705e+10
56.4 -1.40705e+10
56.4333 -1.40705e+10
56.4667 -1.40705e+10
56.5 -1.40705e+10
56.5333 -1.40705e+10
56.5667 -1.40705e+10
56.6 -1.40705e+10
56.6333 -1.40705e+10
56.6667 -1.40705e+10
56.7 -1.40705e+10
56.7333 -1.40705e+10
56.7667 -1.40705e+10
56.8 -1.40705e+10
56.8333 -1.40705e+10
56.8667 -1.40705e+10
56.9 -1.40705e+10
56.9333 -1.40705e+10
56.9667 -1.40705e+10
57 -1.40705e+10
57.0333 -1.40705e+10
57.0667 -1.40705e+10
57.1 -1.40705e+10
57.1333 -1.40705e+10
57.1667 -1.40705e+10
57.2 -1.40705e+10
57.2333 -1.40705e+10
57.2667 -1.40705e+10
57.3 -1.40705e+10
57.3333 -1.40705e+10
57.3667 -1.40705e+10
57.4 -1.40705e+10
57.4333 -1.40705e+10
57.4667 -1.40705e+10
57.5 -1.40705e+10
57.5333 -1.40705e+10
57.5667 -1.40705e+10
57.6 -1.40705e+10
57.6333 -1.40705e+10
57.6667 -1.40705e+10
57.7 -1.40705e+10
57.7333 -1.40705e+10
57.7667 -1.40705e+10
57.8 -1.40705e+10
57.8333 -1.40705e+10
57.8667 -1.40705e+10
57.9 -1.40705e+10
57.9333 -1.40705e+10
57.9667 -1.40705e+10
58 -1.40705e+10
58.0333 -1.40705e+10
58.0667 -1.40705e+10
58.1 -1.40705e+10
58.1333 -1.40705e+10
58.1667 -1.40705e+10
58.2 -1.40705e+10
58.2333 -1.40705e+10
58.2667 -1.40705e+10
58.3 -1.40705e+10
58.3333 -1.40705e+10
58.3667 -1.40705e+10
58.4 -1.40705e+10
58.4333 -1.40705e+10
58.4667 -1.40705e+10
58.5 -1.40705e+10
58.5333 -1.40705e+10
58.5667 -1.40705e+10
58.6 -1.40705e+10
58.6333 -1.40705e+10
58.6667 -1.40705e+10
58.7 -1.40705e+10
58.7333 -1.40705e+10
58.7667 -1.40705e+10
58.8 -1.40705e+10
58.8333 -1.40705e+10
58.8667 -1.40705e+10
58.9 -1.40705e+10
58.9333 -1.40705e+10
58.9667 -1.40705e+10
59 -1.40705e+10
59.0333 -1.40705e+10
59.0667 -1.40705e+10
59.1 -1.40705e+10
59.1333 -1.40705e+10
59.1667 -1.40705e+10
59.2 -1.40705e+10
59.2333 -1.40705e+10
59.2667 -1.40705e+10
59.3 -1.40705e+10
59.3333 -1.40705e+10
59.3667 -1.40705e+10
59.4 -1.40705e+10
59.4333 -1.40705e+10
59.4667 -1.40705e+10
59.5 -1.40705e+10
59.5333 -1.40705e+10
59.5667 -1.40705e+10
59.6 -1.40705e+10
59.6333 -1.40705e+10
59.6667 -1.40705e+10
59.7 -1.40705e+10
59.7333 -1.40705e+10
59.7667 -1.40705e+10
59.8 -1.40705e+10
59.8333 -1.40705e+10
59.8667 -1.40705e+10
59.9 -1.40705e+10
59.9333 -1.40705e+10
59.9667 -1.40705e+10
60 -1.40705e+10
60.0333 -1.40705e+10
60.0667 -1.40705e+10
60.1 -1.40705e+10
60.1333 -1.40705e+10
60.1667 -1.40705e+10
60.2 -1.40705e+10
60.2333 -1.40705e+10
60.2667 -1.40705e+10
60.3 -1.40705e+10
60.3333 -1.40705e+10
60.3667 -1.40705e+10
60.4 -1.40705e+10
60.4333 -1.40705e+10
60.4667 -1.40705e+10
60.5 -1.40705e+10
60.5333 -1.40705e+10
60.5667 -1.40705e+10
60.6 -1.40705e+10
60.6333 -1.40705e+10
60.6667 -1.40705e+10
60.7 -1.40705e+10
60.7333 -1.40705e+10
60.7667 -1.40705e+10
60.8 -1.40706e+10
60.8333 -1.40706e+10
60.8667 -1.40706e+10
60.9 -1.40706e+10
60.9333 -1.40706e+10
60.9667 -1.40706e+10
61 -1.40706e+10
61.0333 -1.40706e+10
61.0667 -1.40706e+10
61.1 -1.40706e+10
61.1333 -1.40706e+10
61.1667 -1.40706e+10
61.2 -1.40706e+10
61.2333 -1.40706e+10
61.2667 -1.40706e+10
61.3 -1.40706e+10
61.3333 -1.40706e+10
61.3667 -1.40706e+10
61.4 -1.40706e+10
61.4333 -1.40706e+10
61.4667 -1.40706e+10
61.5 -1.40706e+10
61.5333 -1.40706e+10
61.5667 -1.40706e+10
61.6 -1.40706e+10
61.6333 -1.40706e+10
61.6667 -1.40706e+10
61.7 -1.40706e+10
61.7333 -1.40706e+10
61.7667 -1.40706e+10
61.8 -1.40706e+10
61.8333 -1.40706e+10
61.8667 -1.40706e+10
61.9 -1.40706e+10
61.9333 -1.40706e+10
61.9667 -1.40706e+10
62 -1.40706e+10
62.0333 -1.40706e+10
62.0667 -1.40706e+10
62.1 -1.40706e+10
62.1333 -1.40706e+10
62.1667 -1.40706e+10
62.2 -1.40706e+10
62.2333 -1.40706e+10
62.2667 -1.40706e+10
62.3 -1.40706e+10
62.3333 -1.40706e+10
62.3667 -1.40706e+10
62.4 -1.40706e+10
62.4333 -1.40706e+10
62.4667 -1.40706e+10
62.5 -1.40706e+10
62.5333 -1.40706e+10
62.5667 -1.40706e+10
62.6 -1.40706e+10
62.6333 -1.40706e+10
62.6667 -1.40706e+10
62.7 -1.40706e+10
62.7333 -1.40706e+10
62.7667 -1.40706e+10
62.8 -1.40706e+10
62.8333 -1.40706e+10
62.8667 -1.40706e+10
62.9 -1.40706e+10
62.9333 -1.40706e+10
62.9667 -1.40706e+10
63 -1.40706e+10
63.0333 -1.40706e+10
63.0667 -1.40706e+10
63.1 -1.40706e+10
63.1333 -1.40706e+10
63.1667 -1.40706e+10
63.2 -1.40706e+10
63.2333 -1.40706e+10
63.2667 -1.40706e+10
63.3 -1.40706e+10
63.3333 -1.40706e+10
63.3667 -1.40706e+10
63.4 -1.40706e+10
63.4333 -1.40706e+10
63.4667 -1.40706e+10
63.5 -1.40706e+10
63.5333 -1.40706e+10
63.5667 -1.40706e+10
63.6 -1.40706e+10
63.6333 -1.40706e+10
63.6667 -1.40706e+10
63.7 -1.40706e+10
63.7333 -1.40706e+10
63.7667 -1.40706e+10
63.8 -1.40706e+10
63.8333 -1.40706e+10
63.8667 -1.40706e+10
63.9 -1.40706e+10
63.9333 -1.40706e+10
63.9667 -1.40706e+10
64 -1.40706e+10
64.0333 -1.40706e+10
64.0667 -1.40706e+10
64.1 -1.40706e+10
64.1333 -1.40706e+10
64.1667 -1.40706e+10
64.2 -1.40706e+10
64.2333 -1.40706e+10
64.2667 -1.40706e+10
64.3 -1.40706e+10
64.3333 -1.40706e+10
64.3667 -1.40706e+10
64.4 -1.40706e+10
64.4333 -1.40706e+10
64.4667 -1.40706e+10
64.5 -1.40706e+10
64.5333 -1.40706e+10
64.5667 -1.40706e+10
64.6 -1.40706e+10
64.6333 -1.40706e+10
64.6667 -1.40706e+10
64.7 -1.40706e+10
64.7333 -1.40706e+10
64.7667 -1.40706e+10
64.8 -1.40706e+10
64.8333 -1.40706e+10
64.8667 -1.40706e+10
64.9 -1.40706e+10
64.9333 -1.40706e+10
64.9667 -1.40706e+10
65 -1.40706e+10
65.0333 -1.40706e+10
65.0667 -1.40706e+10
65.1 -1.40706e+10
65.1333 -1.40706e+10
65.1667 -1.40706e+10
65.2 -1.40706e+10
65.2333 -1.40706e+10
65.2667 -1.40706e+10
65.3 -1.40706e+10
65.3333 -1.40706e+10
65.3667 -1.40706e+10
65.4 -1.40706e+10
65.4333 -1.40706e+10
65.4667 -1.40706e+10
65.5 -1.40706e+10
65.5333 -1.40706e+10
65.5667 -1.40706e+10
65.6 -1.40706e+10
65.6333 -1.40706e+10
65.6667 -1.40706e+10
65.7 -1.40706e+10
65.7333 -1.40706e+10
65.7667 -1.40706e+10
65.8 -1.40706e+10
65.8333 -1.40706e+10
65.8667 -1.40706e+10
65.9 -1.40706e+10
65.9333 -1.40706e+10
65.9667 -1.40706e+10
66 -1.40706e+10
66.0333 -1.40706e+10
66.0667 -1.40706e+10
66.1 -1.40706e+10
66.1333 -1.40706e+10
66.1667 -1.40706e+10
66.2 -1.40706e+10
66.2333 -1.40706e+10
66.2667 -1.40706e+10
66.3 -1.40706e+10
66.3333 -1.40706e+10
66.3667 -1.40706e+10
66.4 -1.40706e+10
66.4333 -1.40706e+10
66.4667 -1.40706e+10
66.5 -1.40706e+10
66.5333 -1.40706e+10
66.5667 -1.40706e+10
66.6 -1.40706e+10
66.6333 -1.40706e+10
66.6667 -1.40706e+10
66.7 -1.40706e+10
66.7333 -1.40706e+10
66.7667 -1.40706e+10
66.8 -1.40706e+10
66.8333 -1.40706e+10
66.8667 -1.40706e+10
66.9 -1.40706e+10
66.9333 -1.40706e+10
66.9667 -1.40706e+10
67 -1.40706e+10
67.0333 -1.40706e+10
67.0667 -1.40706e+10
67.1 -1.40706e+10
67.1333 -1.40706e+10
67.1667 -1.40706e+10
67.2 -1.40706e+10
67.2333 -1.40706e+10
67.2667 -1.40706e+10
67.3 -1.40707e+10
67.3333 -1.40707e+10
67.3667 -1.40707e+10
67.4 -1.40707e+10
67.4333 -1.40707e+10
67.4667 -1.40707e+10
67.5 -1.40707e+10
67.5333 -1.40707e+10
67.5667 -1.40707e+10
67.6 -1.40707e+10
67.6333 -1.40707e+10
67.6667 -1.40707e+10
67.7 -1.40707e+10
67.7333 -1.40707e+10
67.7667 -1.40707e+10
67.8 -1.40707e+10
67.8333 -1.40707e+10
67.8667 -1.40707e+10
67.9 -1.40707e+10
67.9333 -1.40707e+10
67.9667 -1.40707e+10
68 -1.40707e+10
68.0333 -1.40707e+10
68.0667 -1.40707e+10
68.1 -1.40707e+10
68.1333 -1.40707e+10
68.1667 -1.40707e+10
68.2 -1.40707e+10
68.2333 -1.40707e+10
68.2667 -1.40707e+10
68.3 -1.40707e+10
68.3333 -1.40707e+10
68.3667 -1.40707e+10
68.4 -1.40707e+10
68.4333 -1.40707e+10
68.4667 -1.40707e+10
68.5 -1.40707e+10
68.5333 -1.40707e+10
68.5667 -1.40707e+10
68.6 -1.40707e+10
68.6333 -1.40707e+10
68.6667 -1.40707e+10
68.7 -1.40707e+10
68.7333 -1.40707e+10
68.7667 -1.40707e+10
68.8 -1.40707e+10
68.8333 -1.40707e+10
68.8667 -1.40707e+10
68.9 -1.40707e+10
68.9333 -1.40707e+10
68.9667 -1.40707e+10
69 -1.40707e+10
69.0333 -1.40707e+10
69.0667 -1.40707e+10
69.1 -1.40707e+10
69.1333 -1.40707e+10
69.1667 -1.40707e+10
69.2 -1.40707e+10
69.2333 -1.40707e+10
69.2667 -1.40707e+10
69.3 -1.40707e+10
69.3333 -1.40707e+10
69.3667 -1.40707e+10
69.4 -1.40707e+10
69.4333 -1.40707e+10
69.4667 -1.40707e+10
69.5 -1.40707e+10
69.5333 -1.40707e+10
69.5667 -1.40707e+10
69.6 -1.40707e+10
69.6333 -1.40707e+10
69.6667 -1.40707e+10
69.7 -1.40707e+10
69.7333 -1.40707e+10
69.7667 -1.40707e+10
69.8 -1.40707e+10
69.8333 -1.40707e+10
69.8667 -1.40707e+10
69.9 -1.40707e+10
69.9333 -1.40707e+10
69.9667 -1.40707e+10
70 -1.40707e+10
70.0333 -1.40707e+10
70.0667 -1.40707e+10
70.1 -1.40707e+10
70.1333 -1.40707e+10
70.1667 -1.40707e+10
70.2 -1.40707e+10
70.2333 -1.40707e+10
70.2667 -1.40707e+10
70.3 -1.40707e+10
70.3333 -1.40707e+10
70.3667 -1.40707e+10
70.4 -1.40708e+10
70.4333 -1.40708e+10
70.4667 -1.40708e+10
70.5 -1.40708e+10
70.5333 -1.40708e+10
70.5667 -1.40708e+10
70.6 -1.40708e+10
70.6333 -1.40708e+10
70.6667 -1.40708e+10
70.7 -1.40708e+10
70.7333 -1.40708e+10
70.7667 -1.40708e+10
70.8 -1.40708e+10
70.8333 -1.40708e+10
70.8667 -1.40708e+10
70.9 -1.40708e+10
70.9333 -1.40708e+10
70.9667 -1.40708e+10
71 -1.40708e+10
71.0333 -1.40708e+10
71.0667 -1.40708e+10
71.1 -1.40708e+10
71.1333 -1.40708e+10
71.1667 -1.40708e+10
71.2 -1.40708e+10
71.2333 -1.40708e+10
71.2667 -1.40708e+10
71.3 -1.40708e+10
71.3333 -1.40708e+10
71.3667 -1.40708e+10
71.4 -1.40708e+10
71.4333 -1.40708e+10
71.4667 -1.40708e+10
71.5 -1.40708e+10
71.5333 -1.40708e+10
71.5667 -1.40708e+10
71.6 -1.40708e+10
71.6333 -1.40708e+10
71.6667 -1.40708e+10
71.7 -1.40708e+10
71.7333 -1.40708e+10
71.7667 -1.40708e+10
71.8 -1.40708e+10
71.8333 -1.40708e+10
71.8667 -1.40708e+10
71.9 -1.40708e+10
71.9333 -1.40708e+10
71.9667 -1.40708e+10
72 -1.40708e+10
72.0333 -1.40708e+10
72.0667 -1.40708e+10
72.1 -1.40708e+10
72.1333 -1.40708e+10
72.1667 -1.40708e+10
72.2 -1.40709e+10
72.2333 -1.40709e+10
72.2667 -1.40709e+10
72.3 -1.40709e+10
72.3333 -1.40709e+10
72.3667 -1.40709e+10
72.4 -1.40709e+10
72.4333 -1.40709e+10
72.4667 -1.40709e+10
72.5 -1.40709e+10
72.5333 -1.40709e+10
72.5667 -1.40709e+10
72.6 -1.40709e+10
72.6333 -1.40709e+10
72.6667 -1.40709e+10
72.7 -1.40709e+10
72.7333 -1.40709e+10
72.7667 -1.40709e+10
72.8 -1.40709e+10
72.8333 -1.40709e+10
72.8667 -1.40709e+10
72.9 -1.40709e+10
72.9333 -1.40709e+10
72.9667 -1.40709e+10
73 -1.40709e+10
73.0333 -1.40709e+10
73.0667 -1.40709e+10
73.1 -1.40709e+10
73.1333 -1.40709e+10
73.1667 -1.40709e+10
73.2 -1.40709e+10
73.2333 -1.40709e+10
73.2667 -1.40709e+10
73.3 -1.40709e+10
73.3333 -1.40709e+10
73.3667 -1.40709e+10
73.4 -1.40709e+10
73.4333 -1.4071e+10
73.4667 -1.4071e+10
73.5 -1.4071e+10
73.5333 -1.4071e+10
73.5667 -1.4071e+10
73.6 -1.4071e+10
73.6333 -1.4071e+10
73.6667 -1.4071e+10
73.7 -1.4071e+10
73.7333 -1.4071e+10
73.7667 -1.4071e+10
73.8 -1.4071e+10
73.8333 -1.4071e+10
73.8667 -1.4071e+10
73.9 -1.4071e+10
73.9333 -1.4071e+10
73.9667 -1.4071e+10
74 -1.4071e+10
74.0333 -1.4071e+10
74.0667 -1.4071e+10
74.1 -1.4071e+10
74.1333 -1.4071e+10
74.1667 -1.4071e+10
74.2 -1.4071e+10
74.2333 -1.4071e+10
74.2667 -1.4071e+10
74.3 -1.4071e+10
74.3333 -1.40711e+10
74.3667 -1.40711e+10
74.4 -1.40711e+10
74.4333 -1.40711e+10
74.4667 -1.40711e+10
74.5 -1.40711e+10
74.5333 -1.40711e+10
74.5667 -1.40711e+10
74.6 -1.40711e+10
74.6333 -1.40711e+10
74.6667 -1.40711e+10
74.7 -1.40711e+10
74.7333 -1.40711e+10
74.7667 -1.40711e+10
74.8 -1.40711e+10
74.8333 -1.40711e+10
74.8667 -1.40711e+10
74.9 -1.40711e+10
74.9333 -1.40711e+10
74.9667 -1.40711e+10
75 -1.40712e+10
75.0333 -1.40712e+10
75.0667 -1.40712e+10
75.1 -1.40712e+10
75.1333 -1.40712e+10
75.1667 -1.40712e+10
75.2 -1.40712e+10
75.2333 -1.40712e+10
75.2667 -1.40712e+10
75.3 -1.40712e+10
75.3333 -1.40712e+10
75.3667 -1.40712e+10
75.4 -1.40712e+10
75.4333 -1.40712e+10
75.4667 -1.40712e+10
75.5 -1.40712e+10
75.5333 -1.40713e+10
75.5667 -1.40713e+10
75.6 -1.40713e+10
75.6333 -1.40713e+10
75.6667 -1.40713e+10
75.7 -1.40713e+10
75.7333 -1.40713e+10
75.7667 -1.40713e+10
75.8 -1.40713e+10
75.8333 -1.40713e+10
75.8667 -1.40713e+10
75.9 -1.40713e+10
75.9333 -1.40713e+10
75.9667 -1.40714e+10
76 -1.40714e+10
76.0333 -1.40714e+10
76.0667 -1.40714e+10
76.1 -1.40714e+10
76.1333 -1.40714e+10
76.1667 -1.40714e+10
76.2 -1.40714e+10
76.2333 -1.40714e+10
76.2667 -1.40714e+10
76.3 -1.40714e+10
76.3333 -1.40715e+10
76.3667 -1.40715e+10
76.4 -1.40715e+10
76.4333 -1.40715e+10
76.4667 -1.40715e+10
76.5 -1.40715e+10
76.5333 -1.40715e+10
76.5667 -1.40715e+10
76.6 -1.40715e+10
76.6333 -1.40715e+10
76.6667 -1.40716e+10
76.7 -1.40716e+10
76.7333 -1.40716e+10
76.7667 -1.40716e+10
76.8 -1.40716e+10
76.8333 -1.40716e+10
76.8667 -1.40716e+10
76.9 -1.40716e+10
76.9333 -1.40717e+10
76.9667 -1.40717e+10
77 -1.40717e+10
77.0333 -1.40717e+10
77.0667 -1.40717e+10
77.1 -1.40717e+10
77.1333 -1.40717e+10
77.1667 -1.40717e+10
77.2 -1.40718e+10
77.2333 -1.40718e+10
77.2667 -1.40718e+10
77.3 -1.40718e+10
77.3333 -1.40718e+10
77.3667 -1.40718e+10
77.4 -1.40718e+10
77.4333 -1.40718e+10
77.4667 -1.40719e+10
77.5 -1.40719e+10
77.5333 -1.40719e+10
77.5667 -1.40719e+10
77.6 -1.40719e+10
77.6333 -1.40719e+10
77.6667 -1.40719e+10
77.7 -1.4072e+10
77.7333 -1.4072e+10
77.7667 -1.4072e+10
77.8 -1.4072e+10
77.8333 -1.4072e+10
77.8667 -1.4072e+10
77.9 -1.4072e+10
77.9333 -1.4072e+10
77.9667 -1.40721e+10
78 -1.40721e+10
78.0333 -1.40721e+10
78.0667 -1.40721e+10
78.1 -1.40721e+10
78.1333 -1.40721e+10
78.1667 -1.40721e+10
78.2 -1.40721e+10
78.2333 -1.40721e+10
78.2667 -1.40721e+10
78.3 -1.40722e+10
78.3333 -1.40722e+10
78.3667 -1.40722e+10
78.4 -1.40722e+10
78.4333 -1.40722e+10
78.4667 -1.40722e+10
78.5 -1.40722e+10
78.5333 -1.40722e+10
78.5667 -1.40722e+10
78.6 -1.40722e+10
78.6333 -1.40722e+10
78.6667 -1.40722e+10
78.7 -1.40722e+10
78.7333 -1.40722e+10
78.7667 -1.40722e+10
78.8 -1.40722e+10
78.8333 -1.40722e+10
78.8667 -1.40722e+10
78.9 -1.40722e+10
78.9333 -1.40722e+10
78.9667 -1.40722e+10
79 -1.40722e+10
79.0333 -1.40722e+10
79.0667 -1.40722e+10
79.1 -1.40722e+10
79.1333 -1.40722e+10
79.1667 -1.40722e+10
79.2 -1.40722e+10
79.2333 -1.40721e+10
79.2667 -1.40721e+10
79.3 -1.40721e+10
79.3333 -1.40721e+10
79.3667 -1.40721e+10
79.4 -1.40721e+10
79.4333 -1.40721e+10
79.4667 -1.40721e+10
79.5 -1.40721e+10
79.5333 -1.40721e+10
79.5667 -1.4072e+10
79.6 -1.4072e+10
79.6333 -1.4072e+10
79.6667 -1.4072e+10
79.7 -1.4072e+10
79.7333 -1.4072e+10
79.7667 -1.4072e+10
79.8 -1.40719e+10
79.8333 -1.40719e+10
79.8667 -1.40719e+10
79.9 -1.40719e+10
79.9333 -1.40719e+10
79.9667 -1.40719e+10
80 -1.40719e+10
80.0333 -1.40719e+10
80.0667 -1.40718e+10
80.1 -1.40718e+10
80.1333 -1.40718e+10
80.1667 -1.40718e+10
80.2 -1.40718e+10
80.2333 -1.40718e+10
80.2667 -1.40718e+10
80.3 -1.40717e+10
80.3333 -1.40717e+10
80.3667 -1.40717e+10
80.4 -1.40717e+10
80.4333 -1.40717e+10
80.4667 -1.40717e+10
80.5 -1.40717e+10
80.5333 -1.40717e+10
80.5667 -1.40716e+10
80.6 -1.40716e+10
80.6333 -1.40716e+10
80.6667 -1.40716e+10
80.7 -1.40716e+10
80.7333 -1.40716e+10
80.7667 -1.40716e+10
80.8 -1.40716e+10
80.8333 -1.40716e+10
80.8667 -1.40715e+10
80.9 -1.40715e+10
80.9333 -1.40715e+10
80.9667 -1.40715e+10
81 -1.40715e+10
81.0333 -1.40715e+10
81.0667 -1.40715e+10
81.1 -1.40715e+10
81.1333 -1.40715e+10
81.1667 -1.40714e+10
81.2 -1.40714e+10
81.2333 -1.40714e+10
81.2667 -1.40714e+10
81.3 -1.40714e+10
81.3333 -1.40714e+10
81.3667 -1.40714e+10
81.4 -1.40714e+10
81.4333 -1.40714e+10
81.4667 -1.40714e+10
81.5 -1.40714e+10
81.5333 -1.40714e+10
81.5667 -1.40713e+10
81.6 -1.40713e+10
81.6333 -1.40713e+10
81.6667 -1.40713e+10
81.7 -1.40713e+10
81.7333 -1.40713e+10
81.7667 -1.40713e+10
81.8 -1.40713e+10
81.8333 -1.40713e+10
81.8667 -1.40713e+10
81.9 -1.40713e+10
81.9333 -1.40713e+10
81.9667 -1.40713e+10
82 -1.40712e+10
82.0333 -1.40712e+10
82.0667 -1.40712e+10
82.1 -1.40712e+10
82.1333 -1.40712e+10
82.1667 -1.40712e+10
82.2 -1.40712e+10
82.2333 -1.40712e+10
82.2667 -1.40712e+10
82.3 -1.40712e+10
82.3333 -1.40712e+10
82.3667 -1.40712e+10
82.4 -1.40712e+10
82.4333 -1.40712e+10
82.4667 -1.40712e+10
82.5 -1.40712e+10
82.5333 -1.40711e+10
82.5667 -1.40711e+10
82.6 -1.40711e+10
82.6333 -1.40711e+10
82.6667 -1.40711e+10
82.7 -1.40711e+10
82.7333 -1.40711e+10
82.7667 -1.40711e+10
82.8 -1.40711e+10
82.8333 -1.40711e+10
82.8667 -1.40711e+10
82.9 -1.40711e+10
82.9333 -1.40711e+10
82.9667 -1.40711e+10
83 -1.40711e+10
83.0333 -1.40711e+10
83.0667 -1.40711e+10
83.1 -1.40711e+10
83.1333 -1.40711e+10
83.1667 -1.4071e+10
83.2 -1.4071e+10
83.2333 -1.4071e+10
83.2667 -1.4071e+10
83.3 -1.4071e+10
83.3333 -1.4071e+10
83.3667 -1.4071e+10
83.4 -1.4071e+10
83.4333 -1.4071e+10
83.4667 -1.4071e+10
83.5 -1.4071e+10
83.5333 -1.4071e+10
83.5667 -1.4071e+10
83.6 -1.4071e+10
83.6333 -1.4071e+10
83.6667 -1.4071e+10
83.7 -1.4071e+10
83.7333 -1.4071e+10
83.7667 -1.4071e+10
83.8 -1.4071e+10
83.8333 -1.4071e+10
83.8667 -1.4071e+10
83.9 -1.4071e+10
83.9333 -1.4071e+10
83.9667 -1.4071e+10
84 -1.4071e+10
84.0333 -1.4071e+10
84.0667 -1.40709e+10
84.1 -1.40709e+10
84.1333 -1.40709e+10
84.1667 -1.40709e+10
84.2 -1.40709e+10
84.2333 -1.40709e+10
84.2667 -1.40709e+10
84.3 -1.40709e+10
84.3333 -1.40709e+10
84.3667 -1.40709e+10
84.4 -1.40709e+10
84.4333 -1.40709e+10
84.4667 -1.40709e+10
84.5 -1.40709e+10
84.5333 -1.40709e+10
84.5667 -1.40709e+10
84.6 -1.40709e+10
84.6333 -1.40709e+10
84.6667 -1.40709e+10
84.7 -1.40709e+10
84.7333 -1.40709e+10
84.7667 -1.40709e+10
84.8 -1.40709e+10
84.8333 -1.40709e+10
84.8667 -1.40709e+10
84.9 -1.40709e+10
84.9333 -1.40709e+10
84.9667 -1.40709e+10
85 -1.40709e+10
85.0333 -1.40709e+10
85.0667 -1.40709e+10
85.1 -1.40709e+10
85.1333 -1.40709e+10
85.1667 -1.40709e+10
85.2 -1.40709e+10
85.2333 -1.40709e+10
85.2667 -1.40708e+10
85.3 -1.40708e+10
85.3333 -1.40708e+10
85.3667 -1.40708e+10
85.4 -1.40708e+10
85.4333 -1.40708e+10
85.4667 -1.40708e+10
85.5 -1.40708e+10
85.5333 -1.40708e+10
85.5667 -1.40708e+10
85.6 -1.40708e+10
85.6333 -1.40708e+10
85.6667 -1.40708e+10
85.7 -1.40708e+10
85.7333 -1.40708e+10
85.7667 -1.40708e+10
85.8 -1.40708e+10
85.8333 -1.40708e+10
85.8667 -1.40708e+10
85.9 -1.40708e+10
85.9333 -1.40708e+10
85.9667 -1.40708e+10
86 -1.40708e+10
86.0333 -1.40708e+10
86.0667 -1.40708e+10
86.1 -1.40708e+10
86.1333 -1.40708e+10
86.1667 -1.40708e+10
86.2 -1.40708e+10
86.2333 -1.40708e+10
86.2667 -1.40708e+10
86.3 -1.40708e+10
86.3333 -1.40708e+10
86.3667 -1.40708e+10
86.4 -1.40708e+10
86.4333 -1.40708e+10
86.4667 -1.40708e+10
86.5 -1.40708e+10
86.5333 -1.40708e+10
86.5667 -1.40708e+10
86.6 -1.40708e+10
86.6333 -1.40708e+10
86.6667 -1.40708e+10
86.7 -1.40708e+10
86.7333 -1.40708e+10
86.7667 -1.40708e+10
86.8 -1.40708e+10
86.8333 -1.40708e+10
86.8667 -1.40708e+10
86.9 -1.40708e+10
86.9333 -1.40708e+10
86.9667 -1.40708e+10
87 -1.40708e+10
87.0333 -1.40707e+10
87.0667 -1.40707e+10
87.1 -1.40707e+10
87.1333 -1.40707e+10
87.1667 -1.40707e+10
87.2 -1.40707e+10
87.2333 -1.40707e+10
87.2667 -1.40707e+10
87.3 -1.40707e+10
87.3333 -1.40707e+10
87.3667 -1.40707e+10
87.4 -1.40707e+10
87.4333 -1.40707e+10
87.4667 -1.40707e+10
87.5 -1.40707e+10
87.5333 -1.40707e+10
87.5667 -1.40707e+10
87.6 -1.40707e+10
87.6333 -1.40707e+10
87.6667 -1.40707e+10
87.7 -1.40707e+10
87.7333 -1.40707e+10
87.7667 -1.40707e+10
87.8 -1.40707e+10
87.8333 -1.40707e+10
87.8667 -1.40707e+10
87.9 -1.40707e+10
87.9333 -1.40707e+10
87.9667 -1.40707e+10
88 -1.40707e+10
88.0333 -1.40707e+10
88.0667 -1.40707e+10
88.1 -1.40707e+10
88.1333 -1.40707e+10
88.1667 -1.40707e+10
88.2 -1.40707e+10
88.2333 -1.40707e+10
88.2667 -1.40707e+10
88.3 -1.40707e+10
88.3333 -1.40707e+10
88.3667 -1.40707e+10
88.4 -1.40707e+10
88.4333 -1.40707e+10
88.4667 -1.40707e+10
88.5 -1.40707e+10
88.5333 -1.40707e+10
88.5667 -1.40707e+10
88.6 -1.40707e+10
88.6333 -1.40707e+10
88.6667 -1.40707e+10
88.7 -1.40707e+10
88.7333 -1.40707e+10
88.7667 -1.40707e+10
88.8 -1.40707e+10
88.8333 -1.40707e+10
88.8667 -1.40707e+10
88.9 -1.40707e+10
88.9333 -1.40707e+10
88.9667 -1.40707e+10
89 -1.40707e+10
89.0333 -1.40707e+10
89.0667 -1.40707e+10
89.1 -1.40707e+10
89.1333 -1.40707e+10
89.1667 -1.40707e+10
89.2 -1.40707e+10
89.2333 -1.40707e+10
89.2667 -1.40707e+10
89.3 -1.40707e+10
89.3333 -1.40707e+10
89.3667 -1.40707e+10
89.4 -1.40707e+10
89.4333 -1.40707e+10
89.4667 -1.40707e+10
89.5 -1.40707e+10
89.5333 -1.40707e+10
89.5667 -1.40707e+10
89.6 -1.40707e+10
89.6333 -1.40707e+10
89.6667 -1.40707e+10
89.7 -1.40707e+10
89.7333 -1.40707e+10
89.7667 -1.40707e+10
89.8 -1.40707e+10
89.8333 -1.40707e+10
89.8667 -1.40707e+10
89.9 -1.40707e+10
89.9333 -1.40707e+10
89.9667 -1.40706e+10
90 -1.40706e+10
90.0333 -1.40706e+10
90.0667 -1.40706e+10
90.1 -1.40706e+10
90.1333 -1.40706e+10
90.1667 -1.40706e+10
90.2 -1.40706e+10
90.2333 -1.40706e+10
90.2667 -1.40706e+10
90.3 -1.40706e+10
90.3333 -1.40706e+10
90.3667 -1.40706e+10
90.4 -1.40706e+10
90.4333 -1.40706e+10
90.4667 -1.40706e+10
90.5 -1.40706e+10
90.5333 -1.40706e+10
90.5667 -1.40706e+10
90.6 -1.40706e+10
90.6333 -1.40706e+10
90.6667 -1.40706e+10
90.7 -1.40706e+10
90.7333 -1.40706e+10
90.7667 -1.40706e+10
90.8 -1.40706e+10
90.8333 -1.40706e+10
90.8667 -1.40706e+10
90.9 -1.40706e+10
90.9333 -1.40706e+10
90.9667 -1.40706e+10
91 -1.40706e+10
91.0333 -1.40706e+10
91.0667 -1.40706e+10
91.1 -1.40706e+10
91.1333 -1.40706e+10
91.1667 -1.40706e+10
91.2 -1.40706e+10
91.2333 -1.40706e+10
91.2667 -1.40706e+10
91.3 -1.40706e+10
91.3333 -1.40706e+10
91.3667 -1.40706e+10
91.4 -1.40706e+10
91.4333 -1.40706e+10
91.4667 -1.40706e+10
91.5 -1.40706e+10
91.5333 -1.40706e+10
91.5667 -1.40706e+10
91.6 -1.40706e+10
91.6333 -1.40706e+10
91.6667 -1.40706e+10
91.7 -1.40706e+10
91.7333 -1.40706e+10
91.7667 -1.40706e+10
91.8 -1.40706e+10
91.8333 -1.40706e+10
91.8667 -1.40706e+10
91.9 -1.40706e+10
91.9333 -1.40706e+10
91.9667 -1.40706e+10
92 -1.40706e+10
92.0333 -1.40706e+10
92.0667 -1.40706e+10
92.1 -1.40706e+10
92.1333 -1.40706e+10
92.1667 -1.40706e+10
92.2 -1.40706e+10
92.2333 -1.40706e+10
92.2667 -1.40706e+10
92.3 -1.40706e+10
92.3333 -1.40706e+10
92.3667 -1.40706e+10
92.4 -1.40706e+10
92.4333 -1.40706e+10
92.4667 -1.40706e+10
92.5 -1.40706e+10
92.5333 -1.40706e+10
92.5667 -1.40706e+10
92.6 -1.40706e+10
92.6333 -1.40706e+10
92.6667 -1.40706e+10
92.7 -1.40706e+10
92.7333 -1.40706e+10
92.7667 -1.40706e+10
92.8 -1.40706e+10
92.8333 -1.40706e+10
92.8667 -1.40706e+10
92.9 -1.40706e+10
92.9333 -1.40706e+10
92.9667 -1.40706e+10
93 -1.40706e+10
93.0333 -1.40706e+10
93.0667 -1.40706e+10
93.1 -1.40706e+10
93.1333 -1.40706e+10
93.1667 -1.40706e+10
93.2 -1.40706e+10
93.2333 -1.40706e+10
93.2667 -1.40706e+10
93.3 -1.40706e+10
93.3333 -1.40706e+10
93.3667 -1.40706e+10
93.4 -1.40706e+10
93.4333 -1.40706e+10
93.4667 -1.40706e+10
93.5 -1.40706e+10
93.5333 -1.40706e+10
93.5667 -1.40706e+10
93.6 -1.40706e+10
93.6333 -1.40706e+10
93.6667 -1.40706e+10
93.7 -1.40706e+10
93.7333 -1.40706e+10
93.7667 -1.40706e+10
93.8 -1.40706e+10
93.8333 -1.40706e+10
93.8667 -1.40706e+10
93.9 -1.40706e+10
93.9333 -1.40706e+10
93.9667 -1.40706e+10
94 -1.40706e+10
94.0333 -1.40706e+10
94.0667 -1.40706e+10
94.1 -1.40706e+10
94.1333 -1.40706e+10
94.1667 -1.40706e+10
94.2 -1.40706e+10
94.2333 -1.40706e+10
94.2667 -1.40706e+10
94.3 -1.40706e+10
94.3333 -1.40706e+10
94.3667 -1.40706e+10
94.4 -1.40706e+10
94.4333 -1.40706e+10
94.4667 -1.40706e+10
94.5 -1.40706e+10
94.5333 -1.40706e+10
94.5667 -1.40706e+10
94.6 -1.40706e+10
94.6333 -1.40706e+10
94.6667 -1.40706e+10
94.7 -1.40706e+10
94.7333 -1.40706e+10
94.7667 -1.40706e+10
94.8 -1.40706e+10
94.8333 -1.40706e+10
94.8667 -1.40706e+10
94.9 -1.40706e+10
94.9333 -1.40706e+10
94.9667 -1.40706e+10
95 -1.40706e+10
95.0333 -1.40706e+10
95.0667 -1.40706e+10
95.1 -1.40706e+10
95.1333 -1.40706e+10
95.1667 -1.40706e+10
95.2 -1.40706e+10
95.2333 -1.40706e+10
95.2667 -1.40706e+10
95.3 -1.40706e+10
95.3333 -1.40706e+10
95.3667 -1.40706e+10
95.4 -1.40706e+10
95.4333 -1.40706e+10
95.4667 -1.40706e+10
95.5 -1.40706e+10
95.5333 -1.40706e+10
95.5667 -1.40706e+10
95.6 -1.40706e+10
95.6333 -1.40706e+10
95.6667 -1.40706e+10
95.7 -1.40706e+10
95.7333 -1.40706e+10
95.7667 -1.40706e+10
95.8 -1.40706e+10
95.8333 -1.40705e+10
95.8667 -1.40705e+10
95.9 -1.40705e+10
95.9333 -1.40705e+10
95.9667 -1.40705e+10
96 -1.40705e+10
96.0333 -1.40705e+10
96.0667 -1.40705e+10
96.1 -1.40705e+10
96.1333 -1.40705e+10
96.1667 -1.40705e+10
96.2 -1.40705e+10
96.2333 -1.40705e+10
96.2667 -1.40705e+10
96.3 -1.40705e+10
96.3333 -1.40705e+10
96.3667 -1.40705e+10
96.4 -1.40705e+10
96.4333 -1.40705e+10
96.4667 -1.40705e+10
96.5 -1.40705e+10
96.5333 -1.40705e+10
96.5667 -1.40705e+10
96.6 -1.40705e+10
96.6333 -1.40705e+10
96.6667 -1.40705e+10
96.7 -1.40705e+10
96.7333 -1.40705e+10
96.7667 -1.40705e+10
96.8 -1.40705e+10
96.8333 -1.40705e+10
96.8667 -1.40705e+10
96.9 -1.40705e+10
96.9333 -1.40705e+10
96.9667 -1.40705e+10
97 -1.40705e+10
97.0333 -1.40705e+10
97.0667 -1.40705e+10
97.1 -1.40705e+10
97.1333 -1.40705e+10
97.1667 -1.40705e+10
97.2 -1.40705e+10
97.2333 -1.40705e+10
97.2667 -1.40705e+10
97.3 -1.40705e+10
97.3333 -1.40705e+10
97.3667 -1.40705e+10
97.4 -1.40705e+10
97.4333 -1.40705e+10
97.4667 -1.40705e+10
97.5 -1.40705e+10
97.5333 -1.40705e+10
97.5667 -1.40705e+10
97.6 -1.40705e+10
97.6333 -1.40705e+10
97.6667 -1.40705e+10
97.7 -1.40705e+10
97.7333 -1.40705e+10
97.7667 -1.40705e+10
97.8 -1.40705e+10
97.8333 -1.40705e+10
97.8667 -1.40705e+10
97.9 -1.40705e+10
97.9333 -1.40705e+10
97.9667 -1.40705e+10
98 -1.40705e+10
98.0333 -1.40705e+10
98.0667 -1.40705e+10
98.1 -1.40705e+10
98.1333 -1.40705e+10
98.1667 -1.40705e+10
98.2 -1.40705e+10
98.2333 -1.40705e+10
98.2667 -1.40705e+10
98.3 -1.40705e+10
98.3333 -1.40705e+10
98.3667 -1.40705e+10
98.4 -1.40705e+10
98.4333 -1.40705e+10
98.4667 -1.40705e+10
98.5 -1.40705e+10
98.5333 -1.40705e+10
98.5667 -1.40705e+10
98.6 -1.40705e+10
98.6333 -1.40705e+10
98.6667 -1.40705e+10
98.7 -1.40705e+10
98.7333 -1.40705e+10
98.7667 -1.40705e+10
98.8 -1.40705e+10
98.8333 -1.40705e+10
98.8667 -1.40705e+10
98.9 -1.40705e+10
98.9333 -1.40705e+10
98.9667 -1.40705e+10
99 -1.40705e+10
99.0333 -1.40705e+10
99.0667 -1.40705e+10
99.1 -1.40705e+10
99.1333 -1.40705e+10
99.1667 -1.40705e+10
99.2 -1.40705e+10
99.2333 -1.40705e+10
99.2667 -1.40705e+10
99.3 -1.40705e+10
99.3333 -1.40705e+10
99.3667 -1.40705e+10
99.4 -1.40705e+10
99.4333 -1.40705e+10
99.4667 -1.40705e+10
99.5 -1.40705e+10
99.5333 -1.40705e+10
99.5667 -1.40705e+10
99.6 -1.40705e+10
99.6333 -1.40705e+10
99.6667 -1.40705e+10
99.7 -1.40705e+10
99.7333 -1.40705e+10
99.7667 -1.40705e+10
99.8 -1.40705e+10
99.8333 -1.40705e+10
99.8667 -1.40705e+10
99.9 -1.40705e+10
99.9333 -1.40705e+10
99.9667 -1.40705e+10
100 -1.40705e+10
100.033 -1.40705e+10
100.067 -1.40705e+10
100.1 -1.40705e+10
100.133 -1.40705e+10
100.167 -1.40705e+10
100.2 -1.40705e+10
100.233 -1.40705e+10
100.267 -1.40705e+10
100.3 -1.40705e+10
100.333 -1.40705e+10
100.367 -1.40705e+10
100.4 -1.40705e+10
100.433 -1.40705e+10
100.467 -1.40705e+10
100.5 -1.40705e+10
100.533 -1.40705e+10
100.567 -1.40705e+10
100.6 -1.40705e+10
100.633 -1.40705e+10
100.667 -1.40705e+10
100.7 -1.40705e+10
100.733 -1.40705e+10
100.767 -1.40705e+10
100.8 -1.40705e+10
100.833 -1.40705e+10
100.867 -1.40705e+10
100.9 -1.40705e+10
100.933 -1.40705e+10
100.967 -1.40705e+10
101 -1.40705e+10
101.033 -1.40705e+10
101.067 -1.40705e+10
101.1 -1.40705e+10
101.133 -1.40705e+10
101.167 -1.40705e+10
101.2 -1.40705e+10
101.233 -1.40705e+10
101.267 -1.40705e+10
101.3 -1.40705e+10
101.333 -1.40705e+10
101.367 -1.40705e+10
101.4 -1.40705e+10
101.433 -1.40705e+10
101.467 -1.40705e+10
101.5 -1.40705e+10
101.533 -1.40705e+10
101.567 -1.40705e+10
101.6 -1.40705e+10
101.633 -1.40705e+10
101.667 -1.40705e+10
101.7 -1.40705e+10
101.733 -1.40705e+10
101.767 -1.40705e+10
101.8 -1.40705e+10
101.833 -1.40705e+10
101.867 -1.40705e+10
101.9 -1.40705e+10
101.933 -1.40705e+10
101.967 -1.40705e+10
102 -1.40705e+10
102.033 -1.40705e+10
102.067 -1.40705e+10
102.1 -1.40705e+10
102.133 -1.40705e+10
102.167 -1.40705e+10
102.2 -1.40705e+10
102.233 -1.40705e+10
102.267 -1.40705e+10
102.3 -1.40705e+10
102.333 -1.40705e+10
102.367 -1.40705e+10
102.4 -1.40705e+10
102.433 -1.40705e+10
102.467 -1.40705e+10
102.5 -1.40705e+10
102.533 -1.40705e+10
102.567 -1.40705e+10
102.6 -1.40705e+10
102.633 -1.40705e+10
102.667 -1.40705e+10
102.7 -1.40705e+10
102.733 -1.40705e+10
102.767 -1.40705e+10
102.8 -1.40705e+10
102.833 -1.40705e+10
102.867 -1.40705e+10
102.9 -1.40705e+10
102.933 -1.40705e+10
102.967 -1.40705e+10
103 -1.40705e+10
103.033 -1.40705e+10
103.067 -1.40705e+10
103.1 -1.40705e+10
103.133 -1.40705e+10
103.167 -1.40705e+10
103.2 -1.40705e+10
103.233 -1.40705e+10
103.267 -1.40705e+10
103.3 -1.40705e+10
103.333 -1.40705e+10
103.367 -1.40705e+10
103.4 -1.40705e+10
103.433 -1.40705e+10
103.467 -1.40705e+10
103.5 -1.40705e+10
103.533 -1.40705e+10
103.567 -1.40705e+10
103.6 -1.40705e+10
103.633 -1.40705e+10
103.667 -1.40705e+10
103.7 -1.40705e+10
103.733 -1.40705e+10
103.767 -1.40705e+10
103.8 -1.40705e+10
103.833 -1.40705e+10
103.867 -1.40705e+10
103.9 -1.40705e+10
103.933 -1.40705e+10
103.967 -1.40705e+10
104 -1.40705e+10
104.033 -1.40705e+10
104.067 -1.40705e+10
104.1 -1.40705e+10
104.133 -1.40705e+10
104.167 -1.40705e+10
104.2 -1.40705e+10
104.233 -1.40705e+10
104.267 -1.40705e+10
104.3 -1.40705e+10
104.333 -1.40705e+10
104.367 -1.40705e+10
104.4 -1.40705e+10
104.433 -1.40705e+10
104.467 -1.40705e+10
104.5 -1.40705e+10
104.533 -1.40705e+10
104.567 -1.40705e+10
104.6 -1.40705e+10
104.633 -1.40705e+10
104.667 -1.40705e+10
104.7 -1.40705e+10
104.733 -1.40705e+10
104.767 -1.40705e+10
104.8 -1.40705e+10
104.833 -1.40705e+10
104.867 -1.40705e+10
104.9 -1.40705e+10
104.933 -1.40705e+10
104.967 -1.40705e+10
105 -1.40705e+10
105.033 -1.40705e+10
105.067 -1.40705e+10
105.1 -1.40705e+10
105.133 -1.40705e+10
105.167 -1.40705e+10
105.2 -1.40705e+10
105.233 -1.40705e+10
105.267 -1.40705e+10
105.3 -1.40705e+10
105.333 -1.40705e+10
105.367 -1.40705e+10
105.4 -1.40705e+10
105.433 -1.40705e+10
105.467 -1.40705e+10
105.5 -1.40705e+10
105.533 -1.40705e+10
105.567 -1.40705e+10
105.6 -1.40705e+10
105.633 -1.40705e+10
105.667 -1.40705e+10
105.7 -1.40705e+10
105.733 -1.40705e+10
105.767 -1.40705e+10
105.8 -1.40705e+10
105.833 -1.40705e+10
105.867 -1.40705e+10
105.9 -1.40705e+10
105.933 -1.40705e+10
105.967 -1.40705e+10
106 -1.40705e+10
106.033 -1.40705e+10
106.067 -1.40705e+10
106.1 -1.40705e+10
106.133 -1.40705e+10
106.167 -1.40705e+10
106.2 -1.40705e+10
106.233 -1.40705e+10
106.267 -1.40705e+10
106.3 -1.40705e+10
106.333 -1.40705e+10
106.367 -1.40705e+10
106.4 -1.40705e+10
106.433 -1.40705e+10
106.467 -1.40705e+10
106.5 -1.40705e+10
106.533 -1.40705e+10
106.567 -1.40705e+10
106.6 -1.40705e+10
106.633 -1.40705e+10
106.667 -1.40705e+10
106.7 -1.40705e+10
106.733 -1.40705e+10
106.767 -1.40705e+10
106.8 -1.40705e+10
106.833 -1.40705e+10
106.867 -1.40705e+10
106.9 -1.40705e+10
106.933 -1.40705e+10
106.967 -1.40705e+10
107 -1.40705e+10
107.033 -1.40705e+10
107.067 -1.40705e+10
107.1 -1.40705e+10
107.133 -1.40705e+10
107.167 -1.40705e+10
107.2 -1.40705e+10
107.233 -1.40705e+10
107.267 -1.40705e+10
107.3 -1.40705e+10
107.333 -1.40705e+10
107.367 -1.40705e+10
107.4 -1.40705e+10
107.433 -1.40705e+10
107.467 -1.40705e+10
107.5 -1.40705e+10
107.533 -1.40705e+10
107.567 -1.40705e+10
107.6 -1.40705e+10
107.633 -1.40705e+10
107.667 -1.40705e+10
107.7 -1.40705e+10
107.733 -1.40705e+10
107.767 -1.40705e+10
107.8 -1.40705e+10
107.833 -1.40705e+10
107.867 -1.40705e+10
107.9 -1.40705e+10
107.933 -1.40705e+10
107.967 -1.40705e+10
108 -1.40705e+10
108.033 -1.40705e+10
108.067 -1.40705e+10
108.1 -1.40705e+10
108.133 -1.40705e+10
108.167 -1.40705e+10
108.2 -1.40705e+10
108.233 -1.40705e+10
108.267 -1.40705e+10
108.3 -1.40705e+10
108.333 -1.40705e+10
108.367 -1.40705e+10
108.4 -1.40705e+10
108.433 -1.40705e+10
108.467 -1.40705e+10
108.5 -1.40705e+10
108.533 -1.40705e+10
108.567 -1.40705e+10
108.6 -1.40705e+10
108.633 -1.40705e+10
108.667 -1.40705e+10
108.7 -1.40705e+10
108.733 -1.40705e+10
108.767 -1.40705e+10
108.8 -1.40705e+10
108.833 -1.40705e+10
108.867 -1.40705e+10
108.9 -1.40705e+10
108.933 -1.40705e+10
108.967 -1.40705e+10
109 -1.40705e+10
109.033 -1.40705e+10
109.067 -1.40705e+10
109.1 -1.40705e+10
109.133 -1.40705e+10
109.167 -1.40705e+10
109.2 -1.40705e+10
109.233 -1.40705e+10
109.267 -1.40705e+10
109.3 -1.40705e+10
109.333 -1.40705e+10
109.367 -1.40705e+10
109.4 -1.40705e+10
109.433 -1.40705e+10
109.467 -1.40705e+10
109.5 -1.40705e+10
109.533 -1.40705e+10
109.567 -1.40705e+10
109.6 -1.40705e+10
109.633 -1.40705e+10
109.667 -1.40705e+10
109.7 -1.40705e+10
109.733 -1.40705e+10
109.767 -1.40705e+10
109.8 -1.40705e+10
109.833 -1.40705e+10
109.867 -1.40705e+10
109.9 -1.40705e+10
109.933 -1.40705e+10
109.967 -1.40705e+10
110 -1.40705e+10
110.033 -1.40705e+10
110.067 -1.40705e+10
110.1 -1.40705e+10
110.133 -1.40705e+10
110.167 -1.40705e+10
110.2 -1.40705e+10
110.233 -1.40705e+10
110.267 -1.40705e+10
110.3 -1.40705e+10
110.333 -1.40705e+10
110.367 -1.40705e+10
110.4 -1.40705e+10
110.433 -1.40705e+10
110.467 -1.40705e+10
110.5 -1.40705e+10
110.533 -1.40705e+10
110.567 -1.40705e+10
110.6 -1.40705e+10
110.633 -1.40705e+10
110.667 -1.40705e+10
110.7 -1.40705e+10
110.733 -1.40705e+10
110.767 -1.40705e+10
110.8 -1.40705e+10
110.833 -1.40705e+10
110.867 -1.40705e+10
110.9 -1.40705e+10
110.933 -1.40705e+10
110.967 -1.40705e+10
111 -1.40705e+10
111.033 -1.40705e+10
111.067 -1.40705e+10
111.1 -1.40705e+10
111.133 -1.40705e+10
111.167 -1.40705e+10
111.2 -1.40705e+10
111.233 -1.40705e+10
111.267 -1.40705e+10
111.3 -1.40705e+10
111.333 -1.40705e+10
111.367 -1.40705e+10
111.4 -1.40705e+10
111.433 -1.40705e+10
111.467 -1.40705e+10
111.5 -1.40705e+10
111.533 -1.40705e+10
111.567 -1.40705e+10
111.6 -1.40705e+10
111.633 -1.40705e+10
111.667 -1.40705e+10
111.7 -1.40705e+10
111.733 -1.40705e+10
111.767 -1.40705e+10
111.8 -1.40705e+10
111.833 -1.40705e+10
111.867 -1.40705e+10
111.9 -1.40705e+10
111.933 -1.40705e+10
111.967 -1.40705e+10
112 -1.40705e+10
112.033 -1.40705e+10
112.067 -1.40705e+10
112.1 -1.40705e+10
112.133 -1.40705e+10
112.167 -1.40705e+10
112.2 -1.40705e+10
112.233 -1.40705e+10
112.267 -1.40705e+10
112.3 -1.40705e+10
112.333 -1.40705e+10
112.367 -1.40705e+10
112.4 -1.40705e+10
112.433 -1.40705e+10
112.467 -1.40705e+10
112.5 -1.40705e+10
112.533 -1.40705e+10
112.567 -1.40705e+10
112.6 -1.40705e+10
112.633 -1.40705e+10
112.667 -1.40705e+10
112.7 -1.40705e+10
112.733 -1.40705e+10
112.767 -1.40705e+10
112.8 -1.40705e+10
112.833 -1.40705e+10
112.867 -1.40705e+10
112.9 -1.40705e+10
112.933 -1.40705e+10
112.967 -1.40705e+10
113 -1.40705e+10
113.033 -1.40705e+10
113.067 -1.40705e+10
113.1 -1.40705e+10
113.133 -1.40705e+10
113.167 -1.40705e+10
113.2 -1.40705e+10
113.233 -1.40705e+10
113.267 -1.40705e+10
113.3 -1.40705e+10
113.333 -1.40705e+10
113.367 -1.40705e+10
113.4 -1.40705e+10
113.433 -1.40705e+10
113.467 -1.40705e+10
113.5 -1.40705e+10
113.533 -1.40705e+10
113.567 -1.40705e+10
113.6 -1.40705e+10
113.633 -1.40705e+10
113.667 -1.40705e+10
113.7 -1.40705e+10
113.733 -1.40705e+10
113.767 -1.40705e+10
113.8 -1.40705e+10
113.833 -1.40705e+10
113.867 -1.40705e+10
113.9 -1.40705e+10
113.933 -1.40705e+10
113.967 -1.40705e+10
114 -1.40705e+10
114.033 -1.40705e+10
114.067 -1.40705e+10
114.1 -1.40705e+10
114.133 -1.40705e+10
114.167 -1.40705e+10
114.2 -1.40705e+10
114.233 -1.40705e+10
114.267 -1.40705e+10
114.3 -1.40705e+10
114.333 -1.40705e+10
114.367 -1.40705e+10
114.4 -1.40705e+10
114.433 -1.40705e+10
114.467 -1.40705e+10
114.5 -1.40705e+10
114.533 -1.40705e+10
114.567 -1.40705e+10
114.6 -1.40705e+10
114.633 -1.40705e+10
114.667 -1.40705e+10
114.7 -1.40705e+10
114.733 -1.40705e+10
114.767 -1.40705e+10
114.8 -1.40705e+10
114.833 -1.40705e+10
114.867 -1.40705e+10
114.9 -1.40705e+10
114.933 -1.40705e+10
114.967 -1.40705e+10
115 -1.40705e+10
115.033 -1.40705e+10
115.067 -1.40705e+10
115.1 -1.40705e+10
115.133 -1.40705e+10
115.167 -1.40705e+10
115.2 -1.40705e+10
115.233 -1.40705e+10
115.267 -1.40705e+10
115.3 -1.40704e+10
115.333 -1.40704e+10
115.367 -1.40704e+10
115.4 -1.40704e+10
115.433 -1.40704e+10
115.467 -1.40704e+10
115.5 -1.40704e+10
115.533 -1.40704e+10
115.567 -1.40704e+10
115.6 -1.40704e+10
115.633 -1.40704e+10
115.667 -1.40704e+10
115.7 -1.40704e+10
115.733 -1.40704e+10
115.767 -1.40704e+10
115.8 -1.40704e+10
115.833 -1.40704e+10
115.867 -1.40704e+10
115.9 -1.40704e+10
115.933 -1.40704e+10
115.967 -1.40704e+10
116 -1.40704e+10
116.033 -1.40704e+10
116.067 -1.40704e+10
116.1 -1.40704e+10
116.133 -1.40704e+10
116.167 -1.40704e+10
116.2 -1.40704e+10
116.233 -1.40704e+10
116.267 -1.40704e+10
116.3 -1.40704e+10
116.333 -1.40704e+10
116.367 -1.40704e+10
116.4 -1.40704e+10
116.433 -1.40704e+10
116.467 -1.40704e+10
116.5 -1.40704e+10
116.533 -1.40704e+10
116.567 -1.40704e+10
116.6 -1.40704e+10
116.633 -1.40704e+10
116.667 -1.40704e+10
116.7 -1.40704e+10
116.733 -1.40704e+10
116.767 -1.40704e+10
116.8 -1.40704e+10
116.833 -1.40704e+10
116.867 -1.40704e+10
116.9 -1.40704e+10
116.933 -1.40704e+10
116.967 -1.40704e+10
117 -1.40704e+10
117.033 -1.40704e+10
117.067 -1.40704e+10
117.1 -1.40704e+10
117.133 -1.40704e+10
117.167 -1.40704e+10
117.2 -1.40704e+10
117.233 -1.40704e+10
117.267 -1.40704e+10
117.3 -1.40704e+10
117.333 -1.40704e+10
117.367 -1.40704e+10
117.4 -1.40704e+10
117.433 -1.40704e+10
117.467 -1.40704e+10
117.5 -1.40704e+10
117.533 -1.40704e+10
117.567 -1.40704e+10
117.6 -1.40704e+10
117.633 -1.40704e+10
117.667 -1.40704e+10
117.7 -1.40704e+10
117.733 -1.40704e+10
117.767 -1.40704e+10
117.8 -1.40704e+10
117.833 -1.40704e+10
117.867 -1.40704e+10
117.9 -1.40704e+10
117.933 -1.40704e+10
117.967 -1.40704e+10
118 -1.40704e+10
118.033 -1.40704e+10
118.067 -1.40704e+10
118.1 -1.40704e+10
118.133 -1.40704e+10
118.167 -1.40704e+10
118.2 -1.40704e+10
118.233 -1.40704e+10
118.267 -1.40704e+10
118.3 -1.40704e+10
118.333 -1.40704e+10
118.367 -1.40704e+10
118.4 -1.40704e+10
118.433 -1.40704e+10
118.467 -1.40704e+10
118.5 -1.40704e+10
118.533 -1.40704e+10
118.567 -1.40704e+10
118.6 -1.40704e+10
118.633 -1.40704e+10
118.667 -1.40704e+10
118.7 -1.40704e+10
118.733 -1.40704e+10
118.767 -1.40704e+10
118.8 -1.40704e+10
118.833 -1.40704e+10
118.867 -1.40704e+10
118.9 -1.40704e+10
118.933 -1.40704e+10
118.967 -1.40704e+10
119 -1.40704e+10
119.033 -1.40704e+10
119.067 -1.40704e+10
119.1 -1.40704e+10
119.133 -1.40704e+10
119.167 -1.40704e+10
119.2 -1.40704e+10
119.233 -1.40704e+10
119.267 -1.40704e+10
119.3 -1.40704e+10
119.333 -1.40704e+10
119.367 -1.40704e+10
119.4 -1.40704e+10
119.433 -1.40704e+10
119.467 -1.40704e+10
119.5 -1.40704e+10
119.533 -1.40704e+10
119.567 -1.40704e+10
119.6 -1.40704e+10
119.633 -1.40704e+10
119.667 -1.40704e+10
119.7 -1.40704e+10
119.733 -1.40704e+10
119.767 -1.40704e+10
119.8 -1.40704e+10
119.833 -1.40704e+10
119.867 -1.40704e+10
119.9 -1.40704e+10
119.933 -1.40704e+10
119.967 -1.40704e+10
120 -1.40704e+10
120.033 -1.40704e+10
120.067 -1.40704e+10
120.1 -1.40704e+10
120.133 -1.40704e+10
120.167 -1.40704e+10
120.2 -1.40704e+10
120.233 -1.40704e+10
120.267 -1.40704e+10
120.3 -1.40704e+10
120.333 -1.40704e+10
120.367 -1.40704e+10
120.4 -1.40704e+10
120.433 -1.40704e+10
120.467 -1.40704e+10
120.5 -1.40704e+10
120.533 -1.40704e+10
120.567 -1.40704e+10
120.6 -1.40704e+10
120.633 -1.40704e+10
120.667 -1.40704e+10
120.7 -1.40704e+10
120.733 -1.40704e+10
120.767 -1.40704e+10
120.8 -1.40704e+10
120.833 -1.40704e+10
120.867 -1.40704e+10
120.9 -1.40704e+10
120.933 -1.40704e+10
120.967 -1.40704e+10
121 -1.40704e+10
121.033 -1.40704e+10
121.067 -1.40704e+10
121.1 -1.40704e+10
121.133 -1.40704e+10
121.167 -1.40704e+10
121.2 -1.40704e+10
121.233 -1.40704e+10
121.267 -1.40704e+10
121.3 -1.40704e+10
121.333 -1.40704e+10
121.367 -1.40704e+10
121.4 -1.40704e+10
121.433 -1.40704e+10
121.467 -1.40704e+10
121.5 -1.40704e+10
121.533 -1.40704e+10
121.567 -1.40704e+10
121.6 -1.40704e+10
121.633 -1.40704e+10
121.667 -1.40704e+10
121.7 -1.40704e+10
121.733 -1.40704e+10
121.767 -1.40704e+10
121.8 -1.40704e+10
121.833 -1.40704e+10
121.867 -1.40704e+10
121.9 -1.40704e+10
121.933 -1.40704e+10
121.967 -1.40704e+10
122 -1.40704e+10
122.033 -1.40704e+10
122.067 -1.40704e+10
122.1 -1.40704e+10
122.133 -1.40704e+10
122.167 -1.40704e+10
122.2 -1.40704e+10
122.233 -1.40704e+10
122.267 -1.40704e+10
122.3 -1.40704e+10
122.333 -1.40704e+10
122.367 -1.40704e+10
122.4 -1.40704e+10
122.433 -1.40704e+10
122.467 -1.40704e+10
122.5 -1.40704e+10
122.533 -1.40704e+10
122.567 -1.40704e+10
122.6 -1.40704e+10
122.633 -1.40704e+10
122.667 -1.40704e+10
122.7 -1.40704e+10
122.733 -1.40704e+10
122.767 -1.40704e+10
122.8 -1.40704e+10
122.833 -1.40704e+10
122.867 -1.40704e+10
122.9 -1.40704e+10
122.933 -1.40704e+10
122.967 -1.40704e+10
123 -1.40704e+10
123.033 -1.40704e+10
123.067 -1.40704e+10
123.1 -1.40704e+10
123.133 -1.40704e+10
123.167 -1.40704e+10
123.2 -1.40704e+10
123.233 -1.40704e+10
123.267 -1.40704e+10
123.3 -1.40704e+10
123.333 -1.40704e+10
123.367 -1.40704e+10
123.4 -1.40704e+10
123.433 -1.40704e+10
123.467 -1.40704e+10
123.5 -1.40704e+10
123.533 -1.40704e+10
123.567 -1.40704e+10
123.6 -1.40704e+10
123.633 -1.40704e+10
123.667 -1.40704e+10
123.7 -1.40704e+10
123.733 -1.40704e+10
123.767 -1.40704e+10
123.8 -1.40704e+10
123.833 -1.40704e+10
123.867 -1.40704e+10
123.9 -1.40704e+10
123.933 -1.40704e+10
123.967 -1.40704e+10
124 -1.40704e+10
124.033 -1.40704e+10
124.067 -1.40704e+10
124.1 -1.40704e+10
124.133 -1.40704e+10
124.167 -1.40704e+10
124.2 -1.40704e+10
124.233 -1.40704e+10
124.267 -1.40704e+10
124.3 -1.40704e+10
124.333 -1.40704e+10
124.367 -1.40704e+10
124.4 -1.40704e+10
124.433 -1.40704e+10
124.467 -1.40704e+10
124.5 -1.40704e+10
124.533 -1.40704e+10
124.567 -1.40704e+10
124.6 -1.40704e+10
124.633 -1.40704e+10
124.667 -1.40704e+10
124.7 -1.40704e+10
124.733 -1.40704e+10
124.767 -1.40704e+10
124.8 -1.40704e+10
124.833 -1.40704e+10
124.867 -1.40704e+10
124.9 -1.40704e+10
124.933 -1.40704e+10
124.967 -1.40704e+10
125 -1.40704e+10
125.033 -1.40704e+10
125.067 -1.40704e+10
125.1 -1.40704e+10
125.133 -1.40704e+10
125.167 -1.40704e+10
125.2 -1.40704e+10
125.233 -1.40704e+10
125.267 -1.40704e+10
125.3 -1.40704e+10
125.333 -1.40704e+10
125.367 -1.40704e+10
125.4 -1.40704e+10
125.433 -1.40704e+10
125.467 -1.40704e+10
125.5 -1.40704e+10
125.533 -1.40704e+10
125.567 -1.40704e+10
125.6 -1.40704e+10
125.633 -1.40704e+10
125.667 -1.40704e+10
125.7 -1.40704e+10
125.733 -1.40704e+10
125.767 -1.40704e+10
125.8 -1.40704e+10
125.833 -1.40704e+10
125.867 -1.40704e+10
125.9 -1.40704e+10
125.933 -1.40704e+10
125.967 -1.40704e+10
126 -1.40704e+10
126.033 -1.40704e+10
126.067 -1.40704e+10
126.1 -1.40704e+10
126.133 -1.40704e+10
126.167 -1.40704e+10
126.2 -1.40704e+10
126.233 -1.40704e+10
126.267 -1.40704e+10
126.3 -1.40704e+10
126.333 -1.40704e+10
126.367 -1.40704e+10
126.4 -1.40704e+10
126.433 -1.40704e+10
126.467 -1.40704e+10
126.5 -1.40704e+10
126.533 -1.40704e+10
126.567 -1.40704e+10
126.6 -1.40704e+10
126.633 -1.40704e+10
126.667 -1.40704e+10
126.7 -1.40704e+10
126.733 -1.40704e+10
126.767 -1.40704e+10
126.8 -1.40704e+10
126.833 -1.40704e+10
126.867 -1.40704e+10
126.9 -1.40704e+10
126.933 -1.40704e+10
126.967 -1.40704e+10
127 -1.40704e+10
127.033 -1.40704e+10
127.067 -1.40704e+10
127.1 -1.40704e+10
127.133 -1.40704e+10
127.167 -1.40704e+10
127.2 -1.40704e+10
127.233 -1.40704e+10
127.267 -1.40704e+10
127.3 -1.40704e+10
127.333 -1.40704e+10
127.367 -1.40704e+10
127.4 -1.40704e+10
127.433 -1.40704e+10
127.467 -1.40704e+10
127.5 -1.40704e+10
127.533 -1.40704e+10
127.567 -1.40704e+10
127.6 -1.40704e+10
127.633 -1.40704e+10
127.667 -1.40704e+10
127.7 -1.40704e+10
127.733 -1.40704e+10
127.767 -1.40704e+10
127.8 -1.40704e+10
127.833 -1.40704e+10
127.867 -1.40704e+10
127.9 -1.40704e+10
127.933 -1.40704e+10
127.967 -1.40704e+10
128 -1.40704e+10
128.033 -1.40704e+10
128.067 -1.40704e+10
128.1 -1.40704e+10
128.133 -1.40704e+10
128.167 -1.40704e+10
128.2 -1.40704e+10
128.233 -1.40704e+10
128.267 -1.40704e+10
128.3 -1.40704e+10
128.333 -1.40704e+10
128.367 -1.40704e+10
128.4 -1.40704e+10
128.433 -1.40704e+10
128.467 -1.40704e+10
128.5 -1.40704e+10
128.533 -1.40704e+10
128.567 -1.40704e+10
128.6 -1.40704e+10
128.633 -1.40704e+10
128.667 -1.40704e+10
128.7 -1.40704e+10
128.733 -1.40704e+10
128.767 -1.40704e+10
128.8 -1.40704e+10
128.833 -1.40704e+10
128.867 -1.40704e+10
128.9 -1.40704e+10
128.933 -1.40704e+10
128.967 -1.40704e+10
129 -1.40704e+10
129.033 -1.40704e+10
129.067 -1.40704e+10
129.1 -1.40704e+10
129.133 -1.40704e+10
129.167 -1.40704e+10
129.2 -1.40704e+10
129.233 -1.40704e+10
129.267 -1.40704e+10
129.3 -1.40704e+10
129.333 -1.40704e+10
129.367 -1.40704e+10
129.4 -1.40704e+10
129.433 -1.40704e+10
129.467 -1.40704e+10
129.5 -1.40704e+10
129.533 -1.40704e+10
129.567 -1.40704e+10
129.6 -1.40704e+10
129.633 -1.40704e+10
129.667 -1.40704e+10
129.7 -1.40704e+10
129.733 -1.40704e+10
129.767 -1.40704e+10
129.8 -1.40704e+10
129.833 -1.40704e+10
129.867 -1.40704e+10
129.9 -1.40704e+10
129.933 -1.40704e+10
129.967 -1.40704e+10
130 -1.40704e+10
130.033 -1.40704e+10
130.067 -1.40704e+10
130.1 -1.40704e+10
130.133 -1.40704e+10
130.167 -1.40704e+10
130.2 -1.40704e+10
130.233 -1.40704e+10
130.267 -1.40704e+10
130.3 -1.40704e+10
130.333 -1.40704e+10
130.367 -1.40704e+10
130.4 -1.40704e+10
130.433 -1.40704e+10
130.467 -1.40704e+10
130.5 -1.40704e+10
130.533 -1.40704e+10
130.567 -1.40704e+10
130.6 -1.40704e+10
130.633 -1.40704e+10
130.667 -1.40704e+10
130.7 -1.40704e+10
130.733 -1.40704e+10
130.767 -1.40704e+10
130.8 -1.40704e+10
130.833 -1.40704e+10
130.867 -1.40704e+10
130.9 -1.40704e+10
130.933 -1.40704e+10
130.967 -1.40704e+10
131 -1.40704e+10
131.033 -1.40704e+10
131.067 -1.40704e+10
131.1 -1.40704e+10
131.133 -1.40704e+10
131.167 -1.40704e+10
131.2 -1.40704e+10
131.233 -1.40704e+10
131.267 -1.40704e+10
131.3 -1.40704e+10
131.333 -1.40704e+10
131.367 -1.40704e+10
131.4 -1.40704e+10
131.433 -1.40704e+10
131.467 -1.40704e+10
131.5 -1.40704e+10
131.533 -1.40704e+10
131.567 -1.40704e+10
131.6 -1.40704e+10
131.633 -1.40704e+10
131.667 -1.40704e+10
131.7 -1.40704e+10
131.733 -1.40704e+10
131.767 -1.40704e+10
131.8 -1.40704e+10
131.833 -1.40704e+10
131.867 -1.40704e+10
131.9 -1.40704e+10
131.933 -1.40704e+10
131.967 -1.40704e+10
132 -1.40704e+10
132.033 -1.40704e+10
132.067 -1.40704e+10
132.1 -1.40704e+10
132.133 -1.40704e+10
132.167 -1.40704e+10
132.2 -1.40704e+10
132.233 -1.40704e+10
132.267 -1.40704e+10
132.3 -1.40704e+10
132.333 -1.40704e+10
132.367 -1.40704e+10
132.4 -1.40704e+10
132.433 -1.40704e+10
132.467 -1.40704e+10
132.5 -1.40704e+10
132.533 -1.40704e+10
132.567 -1.40704e+10
132.6 -1.40704e+10
132.633 -1.40704e+10
132.667 -1.40704e+10
132.7 -1.40704e+10
132.733 -1.40704e+10
132.767 -1.40704e+10
132.8 -1.40704e+10
132.833 -1.40704e+10
132.867 -1.40704e+10
132.9 -1.40704e+10
132.933 -1.40704e+10
132.967 -1.40704e+10
133 -1.40704e+10
133.033 -1.40704e+10
133.067 -1.40704e+10
133.1 -1.40704e+10
133.133 -1.40704e+10
133.167 -1.40704e+10
133.2 -1.40704e+10
133.233 -1.40704e+10
133.267 -1.40704e+10
133.3 -1.40704e+10
133.333 -1.40704e+10
